Team Name,Unnamed: 0,Team ID,Team Mascot,Team Win Record,Team Loss Record,Team Win Ratio,Team Schedule Results,Schedule Strength
Bellarmine,0,91,Knights,13,7,0.65,"{1: ['Fri, Dec 4', 'Duke', '6', 'L', '54', '76'], 2: ['Sun, Dec 6', 'Howard', 'N/A', 'W', '84', '63'], 3: ['Wed, Dec 9', 'Chattanooga', 'N/A', 'L', '68', '77'], 4: ['Wed, Dec 23', 'Notre Dame', 'N/A', 'L', '70', '81'], 5: ['Fri, Jan 1', '', 'N/A', 'W', '90', '40'], 6: ['Sat, Jan 2', 'St. Joseph', 'N/A', 'W', '90', '38'], 7: ['Fri, Jan 8', 'Lipscomb', 'N/A', 'L', '72', '77'], 8: ['Sat, Jan 9', 'Lipscomb', 'N/A', 'L', '58', '65'], 9: ['Fri, Jan 15', 'Florida Gulf Coast', 'N/A', 'W', '74', '60'], 10: ['Sat, Jan 16', 'Florida Gulf Coast', 'N/A', 'W', '80', '63'], 11: ['Fri, Jan 22', 'Stetson', 'N/A', 'W', '67', '62'], 12: ['Sat, Jan 23', 'Stetson', 'N/A', 'W', '76', '65'], 13: ['Fri, Jan 29', 'Kennesaw State', 'N/A', 'W', '84', '67'], 14: ['Sat, Jan 30', 'Kennesaw State', 'N/A', 'W', '84', '79'], 15: ['Fri, Feb 5', 'Jacksonville', 'N/A', 'W', '71', '56'], 16: ['Sat, Feb 6', 'Jacksonville', 'N/A', 'W', '63', '44'], 17: ['Fri, Feb 12', 'North Alabama', 'N/A', 'W', '66', '64'], 18: ['Sat, Feb 13', 'North Alabama', 'N/A', 'W', '87', '63'], 19: ['Sat, Feb 27', 'Liberty', 'N/A', 'L', '78', '94'], 20: ['Thu, Mar 4', 'Stetson', 'N/A', 'L', '70', '73']}",0.5259653862527425
Florida Gulf Coast,1,526,Eagles,10,8,0.5555555555555556,"{1: ['Wed, Nov 25', 'Florida A&M', 'N/A', 'W', '65', '56'], 2: ['Wed, Dec 2', 'South Florida', 'N/A', 'L', '57', '76'], 3: ['Sat, Dec 5', 'National', 'N/A', 'W', '91', '74'], 4: ['Sat, Dec 12', 'Miami', 'N/A', 'W', '66', '62'], 5: ['Wed, Dec 16', 'Florida International', 'N/A', 'L', '69', '85'], 6: ['Fri, Dec 18', 'International', 'N/A', 'W', '112', '39'], 7: ['Tue, Dec 22', 'Georgia Southern', 'N/A', 'W', '73', '60'], 8: ['Fri, Jan 15', 'Bellarmine', 'N/A', 'L', '60', '74'], 9: ['Sat, Jan 16', 'Bellarmine', 'N/A', 'L', '63', '80'], 10: ['Fri, Jan 22', 'Lipscomb', 'N/A', 'W', '79', '69'], 11: ['Sat, Jan 23', 'Lipscomb', 'N/A', 'L', '56', '71'], 12: ['Fri, Jan 29', 'Stetson', 'N/A', 'W', '64', '63'], 13: ['Sat, Jan 30', 'Stetson', 'N/A', 'L', '66', '77'], 14: ['Fri, Feb 5', 'North Alabama', 'N/A', 'W', '86', '60'], 15: ['Sat, Feb 6', 'North Alabama', 'N/A', 'W', '69', '60'], 16: ['Fri, Feb 26', 'Kennesaw State', 'N/A', 'L', '63', '80'], 17: ['Thu, Mar 4', 'Lipscomb', 'N/A', 'W', '72', '60'], 18: ['Fri, Mar 5', 'North Alabama', 'N/A', 'L', '81', '96']}",0.4816009453509454
Jacksonville,2,294,Dolphins,11,13,0.4583333333333333,"{1: ['Wed, Nov 25', 'of Coastal Georgia', 'N/A', 'W', '99', '57'], 2: ['Sat, Nov 28', 'Southern Miss', 'N/A', 'W', '66', '51'], 3: ['Wed, Dec 2', 'Presbyterian', 'N/A', 'W', '78', '65'], 4: ['Fri, Dec 4', 'Georgia', 'N/A', 'L', '65', '98'], 5: ['Tue, Dec 8', 'Campbell', 'N/A', 'L', '78', '80'], 6: ['Wed, Dec 9', 'National', 'N/A', 'W', '78', '69'], 7: ['Thu, Dec 10', 'New Orleans', 'N/A', 'W', '77', '70'], 8: ['Sun, Dec 13', 'South Carolina State', 'N/A', 'W', '60', '58'], 9: ['Sat, Dec 19', 'Miami', 'N/A', 'L', '64', '73'], 10: ['Mon, Dec 21', 'Kansas State', 'N/A', 'L', '46', '70'], 11: ['Fri, Jan 1', 'Kennesaw State', 'N/A', 'W', '62', '57'], 12: ['Sat, Jan 2', 'Kennesaw State', 'N/A', 'W', '72', '66'], 13: ['Fri, Jan 8', 'North Florida', 'N/A', 'W', '66', '65'], 14: ['Sat, Jan 9', 'North Florida', 'N/A', 'L', '68', '70'], 15: ['Fri, Jan 22', 'North Alabama', 'N/A', 'L', '81', '82'], 16: ['Sat, Jan 23', 'North Alabama', 'N/A', 'L', '54', '76'], 17: ['Fri, Jan 29', 'Liberty', 'N/A', 'L', '54', '59'], 18: ['Sat, Jan 30', 'Liberty', 'N/A', 'L', '58', '64'], 19: ['Fri, Feb 5', 'Bellarmine', 'N/A', 'L', '56', '71'], 20: ['Sat, Feb 6', 'Bellarmine', 'N/A', 'L', '44', '63'], 21: ['Fri, Feb 12', 'Lipscomb', 'N/A', 'W', '66', '60'], 22: ['Sat, Feb 13', 'Lipscomb', 'N/A', 'L', '69', '71'], 23: ['Fri, Feb 19', 'Stetson', 'N/A', 'L', '75', '91'], 24: ['Sat, Feb 20', 'Stetson', 'N/A', 'W', '86', '82']}",0.4552506327891362
Kennesaw State,3,338,Owls,5,19,0.20833333333333331,"{1: ['Wed, Nov 25', 'College', 'N/A', 'W', '87', '40'], 2: ['Sat, Nov 28', 'Falls', 'N/A', 'W', '106', '44'], 3: ['Wed, Dec 2', 'UAB', 'N/A', 'L', '48', '73'], 4: ['Fri, Dec 4', 'Creighton', '9', 'L', '58', '93'], 5: ['Sat, Dec 12', 'State', 'N/A', 'W', '72', '62'], 6: ['Wed, Dec 16', 'Belmont', 'N/A', 'L', '53', '64'], 7: ['Sat, Dec 19', 'Samford', 'N/A', 'L', '63', '65'], 8: ['Tue, Dec 22', 'Mercer', 'N/A', 'L', '71', '81'], 9: ['Fri, Jan 1', 'Jacksonville', 'N/A', 'L', '57', '62'], 10: ['Sat, Jan 2', 'Jacksonville', 'N/A', 'L', '66', '72'], 11: ['Fri, Jan 8', 'Liberty', 'N/A', 'L', '63', '69'], 12: ['Sat, Jan 9', 'Liberty', 'N/A', 'L', '47', '76'], 13: ['Fri, Jan 15', 'North Alabama', 'N/A', 'L', '43', '66'], 14: ['Sat, Jan 16', 'North Alabama', 'N/A', 'L', '64', '66'], 15: ['Fri, Jan 22', 'North Florida', 'N/A', 'L', '54', '69'], 16: ['Sat, Jan 23', 'North Florida', 'N/A', 'L', '65', '68'], 17: ['Fri, Jan 29', 'Bellarmine', 'N/A', 'L', '67', '84'], 18: ['Sat, Jan 30', 'Bellarmine', 'N/A', 'L', '79', '84'], 19: ['Fri, Feb 12', 'Stetson', 'N/A', 'L', '61', '74'], 20: ['Sat, Feb 13', 'Stetson', 'N/A', 'W', '83', '75'], 21: ['Fri, Feb 19', 'Lipscomb', 'N/A', 'L', '62', '76'], 22: ['Sat, Feb 20', 'Lipscomb', 'N/A', 'L', '63', '77'], 23: ['Fri, Feb 26', 'Florida Gulf Coast', 'N/A', 'W', '80', '63'], 24: ['Thu, Mar 4', 'Liberty', 'N/A', 'L', '59', '69']}",0.6169301715057258
Liberty,4,2335,Flames,23,6,0.7931034482758621,"{1: ['Fri, Mar 19', 'Oklahoma State', '4', 'L', '60', '69'], 2: ['Wed, Nov 25', 'Purdue', 'N/A', 'L', '64', '77'], 3: ['Thu, Nov 26', 'Mississippi State', 'N/A', 'W', '84', '73'], 4: ['Sat, Nov 28', 'South Carolina', 'N/A', 'W', '78', '62'], 5: ['Sun, Nov 29', 'TCU', 'N/A', 'L', '52', '56'], 6: ['Thu, Dec 3', 'St. Francis (PA)', 'N/A', 'W', '78', '62'], 7: ['Sat, Dec 5', 'College', 'N/A', 'W', '86', '64'], 8: ['Wed, Dec 9', 'Missouri', 'N/A', 'L', '60', '69'], 9: ['Sat, Dec 12', 'International', 'N/A', 'W', '73', '26'], 10: ['Tue, Dec 15', 'South Carolina State', 'N/A', 'W', '82', '52'], 11: ['Wed, Dec 16', 'College', 'N/A', 'W', '91', '38'], 12: ['Tue, Dec 22', 'Alcorn State', 'N/A', 'W', '108', '65'], 13: ['Fri, Jan 1', 'Lipscomb', 'N/A', 'L', '70', '77'], 14: ['Sat, Jan 2', 'Lipscomb', 'N/A', 'W', '66', '50'], 15: ['Fri, Jan 8', 'Kennesaw State', 'N/A', 'W', '69', '63'], 16: ['Sat, Jan 9', 'Kennesaw State', 'N/A', 'W', '76', '47'], 17: ['Fri, Jan 15', 'Stetson', 'N/A', 'L', '59', '65'], 18: ['Sat, Jan 16', 'Stetson', 'N/A', 'W', '68', '58'], 19: ['Fri, Jan 29', 'Jacksonville', 'N/A', 'W', '59', '54'], 20: ['Sat, Jan 30', 'Jacksonville', 'N/A', 'W', '64', '58'], 21: ['Fri, Feb 5', 'Bible College', 'N/A', 'W', '90', '49'], 22: ['Fri, Feb 12', 'North Florida', 'N/A', 'W', '73', '61'], 23: ['Sat, Feb 13', 'North Florida', 'N/A', 'W', '80', '60'], 24: ['Mon, Feb 22', 'North Alabama', 'N/A', 'W', '74', '54'], 25: ['Tue, Feb 23', 'North Alabama', 'N/A', 'W', '74', '54'], 26: ['Sat, Feb 27', 'Bellarmine', 'N/A', 'W', '94', '78'], 27: ['Thu, Mar 4', 'Kennesaw State', 'N/A', 'W', '69', '59'], 28: ['Fri, Mar 5', 'Stetson', 'N/A', 'W', '77', '64'], 29: ['Sun, Mar 7', 'North Alabama', 'N/A', 'W', '79', '75']}",0.47273872094080716
Lipscomb,5,288,Bisons,15,12,0.5555555555555556,"{1: ['Sat, Nov 28', 'Lamar', 'N/A', 'W', '76', '73'], 2: ['Sun, Nov 29', 'Tulane', 'N/A', 'L', '66', '68'], 3: ['Wed, Dec 2', 'Cincinnati', 'N/A', 'L', '55', '67'], 4: ['Sat, Dec 5', 'Arkansas', 'N/A', 'L', '50', '86'], 5: ['Mon, Dec 7', 'Southeast Missouri State', 'N/A', 'L', '77', '82'], 6: ['Wed, Dec 9', 'Southeast Missouri State', 'N/A', 'W', '80', '74'], 7: ['Sat, Dec 12', 'Belmont', 'N/A', 'L', '71', '81'], 8: ['Tue, Dec 15', 'Nazarene', 'N/A', 'W', '61', '45'], 9: ['Mon, Dec 21', 'Ridge College', 'N/A', 'W', '97', '60'], 10: ['Tue, Dec 29', '', 'N/A', 'W', '93', '72'], 11: ['Fri, Jan 1', 'Liberty', 'N/A', 'W', '77', '70'], 12: ['Sat, Jan 2', 'Liberty', 'N/A', 'L', '50', '66'], 13: ['Fri, Jan 8', 'Bellarmine', 'N/A', 'W', '77', '72'], 14: ['Sat, Jan 9', 'Bellarmine', 'N/A', 'W', '65', '58'], 15: ['Fri, Jan 15', 'North Florida', 'N/A', 'W', '84', '72'], 16: ['Sat, Jan 16', 'North Florida', 'N/A', 'L', '67', '72'], 17: ['Fri, Jan 22', 'Florida Gulf Coast', 'N/A', 'L', '69', '79'], 18: ['Sat, Jan 23', 'Florida Gulf Coast', 'N/A', 'W', '71', '56'], 19: ['Sat, Jan 30', 'State', 'N/A', 'W', '89', '56'], 20: ['Fri, Feb 5', 'Stetson', 'N/A', 'L', '68', '73'], 21: ['Sat, Feb 6', 'Stetson', 'N/A', 'W', '69', '61'], 22: ['Fri, Feb 12', 'Jacksonville', 'N/A', 'L', '60', '66'], 23: ['Sat, Feb 13', 'Jacksonville', 'N/A', 'W', '71', '69'], 24: ['Fri, Feb 19', 'Kennesaw State', 'N/A', 'W', '76', '62'], 25: ['Sat, Feb 20', 'Kennesaw State', 'N/A', 'W', '77', '63'], 26: ['Sat, Feb 27', 'North Alabama', 'N/A', 'L', '66', '73'], 27: ['Thu, Mar 4', 'Florida Gulf Coast', 'N/A', 'L', '60', '72']}",0.5129857310820091
North Alabama,6,2453,Lions,13,11,0.5416666666666666,"{1: ['Wed, Nov 25', '', 'N/A', 'W', '98', '74'], 2: ['Sun, Dec 6', 'College', 'N/A', 'W', '107', '40'], 3: ['Thu, Dec 10', 'Troy', 'N/A', 'L', '57', '62'], 4: ['Sun, Dec 13', 'Indiana', 'N/A', 'L', '52', '87'], 5: ['Thu, Dec 17', 'Ridge College', 'N/A', 'W', '99', '51'], 6: ['Sun, Dec 20', '', 'N/A', 'W', '82', '56'], 7: ['Fri, Jan 8', 'Stetson', 'N/A', 'L', '77', '86'], 8: ['Sat, Jan 9', 'Stetson', 'N/A', 'W', '73', '66'], 9: ['Fri, Jan 15', 'Kennesaw State', 'N/A', 'W', '66', '43'], 10: ['Sat, Jan 16', 'Kennesaw State', 'N/A', 'W', '66', '64'], 11: ['Fri, Jan 22', 'Jacksonville', 'N/A', 'W', '82', '81'], 12: ['Sat, Jan 23', 'Jacksonville', 'N/A', 'W', '76', '54'], 13: ['Fri, Jan 29', 'North Florida', 'N/A', 'W', '82', '78'], 14: ['Sat, Jan 30', 'North Florida', 'N/A', 'L', '72', '82'], 15: ['Fri, Feb 5', 'Florida Gulf Coast', 'N/A', 'L', '60', '86'], 16: ['Sat, Feb 6', 'Florida Gulf Coast', 'N/A', 'L', '60', '69'], 17: ['Fri, Feb 12', 'Bellarmine', 'N/A', 'L', '64', '66'], 18: ['Sat, Feb 13', 'Bellarmine', 'N/A', 'L', '63', '87'], 19: ['Mon, Feb 22', 'Liberty', 'N/A', 'L', '54', '74'], 20: ['Tue, Feb 23', 'Liberty', 'N/A', 'L', '54', '74'], 21: ['Sat, Feb 27', 'Lipscomb', 'N/A', 'W', '73', '66'], 22: ['Thu, Mar 4', 'North Florida', 'N/A', 'W', '68', '60'], 23: ['Fri, Mar 5', 'Florida Gulf Coast', 'N/A', 'W', '96', '81'], 24: ['Sun, Mar 7', 'Liberty', 'N/A', 'L', '75', '79']}",0.4997822874277148
North Florida,7,2454,Ospreys,8,15,0.3478260869565217,"{1: ['Wed, Nov 25', 'Eastern Kentucky', 'N/A', 'L', '67', '80'], 2: ['Fri, Nov 27', 'NC State', 'N/A', 'L', '51', '86'], 3: ['Sun, Nov 29', 'Miami', 'N/A', 'L', '59', '77'], 4: ['Wed, Dec 2', 'Florida State', '22', 'L', '58', '86'], 5: ['Sat, Dec 5', 'High Point', 'N/A', 'L', '74', '85'], 6: ['Mon, Dec 7', 'Florida Atlantic', 'N/A', 'L', '77', '79'], 7: ['Thu, Dec 10', 'East Carolina', 'N/A', 'L', '67', '73'], 8: ['Sat, Dec 12', 'Florida International', 'N/A', 'W', '80', '77'], 9: ['Sat, Dec 19', '', 'N/A', 'L', '66', '73'], 10: ['Mon, Dec 21', 'Waters', 'N/A', 'W', '98', '71'], 11: ['Fri, Jan 8', 'Jacksonville', 'N/A', 'L', '65', '66'], 12: ['Sat, Jan 9', 'Jacksonville', 'N/A', 'W', '70', '68'], 13: ['Fri, Jan 15', 'Lipscomb', 'N/A', 'L', '72', '84'], 14: ['Sat, Jan 16', 'Lipscomb', 'N/A', 'W', '72', '67'], 15: ['Fri, Jan 22', 'Kennesaw State', 'N/A', 'W', '69', '54'], 16: ['Sat, Jan 23', 'Kennesaw State', 'N/A', 'W', '68', '65'], 17: ['Fri, Jan 29', 'North Alabama', 'N/A', 'L', '78', '82'], 18: ['Sat, Jan 30', 'North Alabama', 'N/A', 'W', '82', '72'], 19: ['Fri, Feb 12', 'Liberty', 'N/A', 'L', '61', '73'], 20: ['Sat, Feb 13', 'Liberty', 'N/A', 'L', '60', '80'], 21: ['Fri, Feb 26', 'Stetson', 'N/A', 'W', '79', '74'], 22: ['Sat, Feb 27', 'Stetson', 'N/A', 'L', '68', '85'], 23: ['Thu, Mar 4', 'North Alabama', 'N/A', 'L', '60', '68']}",0.5181618858758184
Stetson,8,56,Hatters,11,14,0.44,"{1: ['Mon, Nov 30', '', 'N/A', 'L', '61', '64'], 2: ['Fri, Dec 4', 'Miami', 'N/A', 'L', '60', '82'], 3: ['Sun, Dec 6', 'Florida', 'N/A', 'L', '40', '86'], 4: ['Tue, Dec 8', 'South Florida', 'N/A', 'L', '62', '73'], 5: ['Tue, Dec 15', 'Florida Atlantic', 'N/A', 'W', '78', '69'], 6: ['Sat, Dec 19', 'College', 'N/A', 'W', '95', '51'], 7: ['Fri, Jan 8', 'North Alabama', 'N/A', 'W', '86', '77'], 8: ['Sat, Jan 9', 'North Alabama', 'N/A', 'L', '66', '73'], 9: ['Fri, Jan 15', 'Liberty', 'N/A', 'W', '65', '59'], 10: ['Sat, Jan 16', 'Liberty', 'N/A', 'L', '58', '68'], 11: ['Fri, Jan 22', 'Bellarmine', 'N/A', 'L', '62', '67'], 12: ['Sat, Jan 23', 'Bellarmine', 'N/A', 'L', '65', '76'], 13: ['Fri, Jan 29', 'Florida Gulf Coast', 'N/A', 'L', '63', '64'], 14: ['Sat, Jan 30', 'Florida Gulf Coast', 'N/A', 'W', '77', '66'], 15: ['Mon, Feb 1', 'College', 'N/A', 'W', '110', '56'], 16: ['Fri, Feb 5', 'Lipscomb', 'N/A', 'W', '73', '68'], 17: ['Sat, Feb 6', 'Lipscomb', 'N/A', 'L', '61', '69'], 18: ['Fri, Feb 12', 'Kennesaw State', 'N/A', 'W', '74', '61'], 19: ['Sat, Feb 13', 'Kennesaw State', 'N/A', 'L', '75', '83'], 20: ['Fri, Feb 19', 'Jacksonville', 'N/A', 'W', '91', '75'], 21: ['Sat, Feb 20', 'Jacksonville', 'N/A', 'L', '82', '86'], 22: ['Fri, Feb 26', 'North Florida', 'N/A', 'L', '74', '79'], 23: ['Sat, Feb 27', 'North Florida', 'N/A', 'W', '85', '68'], 24: ['Thu, Mar 4', 'Bellarmine', 'N/A', 'W', '73', '70'], 25: ['Fri, Mar 5', 'Liberty', 'N/A', 'L', '64', '77']}",0.5287968217452339
Albany,9,399,Great Danes,7,9,0.4375,"{1: ['Sat, Dec 19', 'UMBC', 'N/A', 'L', '64', '65'], 2: ['Sun, Dec 20', 'UMBC', 'N/A', 'L', '60', '65'], 3: ['Tue, Dec 22', 'Niagara', 'N/A', 'L', '65', '70'], 4: ['Sat, Jan 2', 'Vermont', 'N/A', 'W', '63', '62'], 5: ['Sun, Jan 3', 'Vermont', 'N/A', 'L', '66', '74'], 6: ['Sat, Jan 9', ""Saint Joseph's"", 'N/A', 'L', '64', '67'], 7: ['Sat, Jan 16', 'NJIT', 'N/A', 'W', '83', '75'], 8: ['Sun, Jan 17', 'NJIT', 'N/A', 'W', '83', '71'], 9: ['Sat, Jan 23', 'New Hampshire', 'N/A', 'L', '64', '71'], 10: ['Sun, Jan 24', 'New Hampshire', 'N/A', 'W', '83', '64'], 11: ['Fri, Feb 12', 'UMass Lowell', 'N/A', 'L', '71', '79'], 12: ['Sat, Feb 13', 'UMass Lowell', 'N/A', 'W', '81', '69'], 13: ['Sat, Feb 20', 'Stony Brook', 'N/A', 'L', '43', '59'], 14: ['Sun, Feb 21', 'Stony Brook', 'N/A', 'W', '67', '59'], 15: ['Sat, Feb 27', 'NJIT', 'N/A', 'W', '76', '66'], 16: ['Sun, Feb 28', 'Hartford', 'N/A', 'L', '77', '83']}",0.49720990655987796
Binghamton,10,2066,Bearcats,4,14,0.2222222222222222,"{1: ['Sat, Dec 5', 'Marist', 'N/A', 'L', '65', '68'], 2: ['Sun, Dec 6', 'Marist', 'N/A', 'L', '60', '64'], 3: ['Sun, Dec 13', 'Youngstown State', 'N/A', 'L', '65', '79'], 4: ['Sat, Dec 19', 'Stony Brook', 'N/A', 'L', '59', '73'], 5: ['Sun, Dec 20', 'Stony Brook', 'N/A', 'L', '70', '80'], 6: ['Sun, Dec 27', 'UMBC', 'N/A', 'L', '67', '74'], 7: ['Mon, Dec 28', 'UMBC', 'N/A', 'W', '75', '69'], 8: ['Sat, Jan 2', 'Hartford', 'N/A', 'L', '56', '76'], 9: ['Sun, Jan 3', 'Hartford', 'N/A', 'L', '74', '77'], 10: ['Sat, Jan 9', 'Vermont', 'N/A', 'L', '60', '76'], 11: ['Sun, Jan 10', 'Vermont', 'N/A', 'L', '44', '84'], 12: ['Sat, Jan 16', 'UMass Lowell', 'N/A', 'L', '78', '92'], 13: ['Sun, Jan 17', 'UMass Lowell', 'N/A', 'L', '67', '77'], 14: ['Sat, Jan 30', 'New Hampshire', 'N/A', 'W', '65', '44'], 15: ['Sun, Jan 31', 'New Hampshire', 'N/A', 'L', '65', '71'], 16: ['Sat, Feb 20', 'NJIT', 'N/A', 'W', '76', '63'], 17: ['Sun, Feb 21', 'NJIT', 'N/A', 'W', '72', '58'], 18: ['Sat, Feb 27', 'Hartford', 'N/A', 'L', '60', '77']}",0.5464083417077316
Hartford,11,42,Hawks,15,9,0.625,"{1: ['Fri, Mar 19', 'Baylor', '1', 'L', '55', '79'], 2: ['Fri, Nov 27', 'UConn', 'N/A', 'L', '57', '69'], 3: ['Tue, Dec 1', 'Villanova', '12', 'L', '53', '87'], 4: ['Wed, Dec 2', 'Fairfield', 'N/A', 'W', '66', '61'], 5: ['Fri, Dec 4', 'Central Connecticut', 'N/A', 'W', '80', '65'], 6: ['Mon, Dec 7', 'Fairfield', 'N/A', 'W', '67', '54'], 7: ['Sat, Dec 19', 'Maine', 'N/A', 'W', '63', '60'], 8: ['Sun, Dec 20', 'Maine', 'N/A', 'W', '65', '50'], 9: ['Sun, Dec 27', 'New Hampshire', 'N/A', 'L', '69', '77'], 10: ['Mon, Dec 28', 'New Hampshire', 'N/A', 'L', '51', '53'], 11: ['Sat, Jan 2', 'Binghamton', 'N/A', 'W', '76', '56'], 12: ['Sun, Jan 3', 'Binghamton', 'N/A', 'W', '77', '74'], 13: ['Sat, Jan 9', 'UMass Lowell', 'N/A', 'L', '62', '71'], 14: ['Sun, Jan 10', 'UMass Lowell', 'N/A', 'W', '75', '58'], 15: ['Sat, Jan 16', 'UMBC', 'N/A', 'W', '70', '63'], 16: ['Sun, Jan 17', 'UMBC', 'N/A', 'L', '49', '57'], 17: ['Sat, Jan 30', 'Stony Brook', 'N/A', 'W', '59', '57'], 18: ['Sun, Jan 31', 'Stony Brook', 'N/A', 'L', '49', '63'], 19: ['Sat, Feb 13', 'NJIT', 'N/A', 'L', '57', '67'], 20: ['Sun, Feb 14', 'NJIT', 'N/A', 'W', '75', '61'], 21: ['Sat, Feb 27', 'Binghamton', 'N/A', 'W', '77', '60'], 22: ['Sun, Feb 28', 'Albany', 'N/A', 'W', '83', '77'], 23: ['Sat, Mar 6', 'Vermont', 'N/A', 'W', '71', '65'], 24: ['Sat, Mar 13', 'UMass Lowell', 'N/A', 'W', '64', '50']}",0.5263066673364633
Maine,12,311,Black Bears,2,7,0.2222222222222222,"{1: ['Sat, Dec 19', 'Hartford', 'N/A', 'L', '60', '63'], 2: ['Sun, Dec 20', 'Hartford', 'N/A', 'L', '50', '65'], 3: ['Tue, Dec 22', 'Boston College', 'N/A', 'L', '62', '78'], 4: ['Sat, Jan 2', 'New Hampshire', 'N/A', 'W', '59', '56'], 5: ['Sun, Jan 3', 'New Hampshire', 'N/A', 'L', '58', '62'], 6: ['Sat, Jan 9', 'NJIT', 'N/A', 'L', '54', '63'], 7: ['Sun, Jan 10', 'NJIT', 'N/A', 'W', '45', '41'], 8: ['Sat, Jan 16', 'Vermont', 'N/A', 'L', '30', '65'], 9: ['Sun, Jan 17', 'Vermont', 'N/A', 'L', '60', '88']}",0.5080896686159844
NJIT,13,2885,Highlanders,7,12,0.3684210526315789,"{1: ['Sat, Dec 19', 'Temple', 'N/A', 'L', '60', '72'], 2: ['Wed, Dec 23', 'Rider', 'N/A', 'W', '81', '66'], 3: ['Sun, Dec 27', 'Vermont', 'N/A', 'L', '78', '92'], 4: ['Mon, Dec 28', 'Vermont', 'N/A', 'W', '81', '80'], 5: ['Sat, Jan 2', 'UMass Lowell', 'N/A', 'W', '73', '67'], 6: ['Sun, Jan 3', 'UMass Lowell', 'N/A', 'L', '60', '74'], 7: ['Sat, Jan 9', 'Maine', 'N/A', 'W', '63', '54'], 8: ['Sun, Jan 10', 'Maine', 'N/A', 'L', '41', '45'], 9: ['Sat, Jan 16', 'Albany', 'N/A', 'L', '75', '83'], 10: ['Sun, Jan 17', 'Albany', 'N/A', 'L', '71', '83'], 11: ['Sat, Jan 23', 'Stony Brook', 'N/A', 'W', '74', '65'], 12: ['Sun, Jan 24', 'Stony Brook', 'N/A', 'L', '44', '56'], 13: ['Sun, Jan 31', 'UMBC', 'N/A', 'W', '69', '65'], 14: ['Tue, Feb 2', 'UMBC', 'N/A', 'L', '71', '75'], 15: ['Sat, Feb 13', 'Hartford', 'N/A', 'W', '67', '57'], 16: ['Sun, Feb 14', 'Hartford', 'N/A', 'L', '61', '75'], 17: ['Sat, Feb 20', 'Binghamton', 'N/A', 'L', '63', '76'], 18: ['Sun, Feb 21', 'Binghamton', 'N/A', 'L', '58', '72'], 19: ['Sat, Feb 27', 'Albany', 'N/A', 'L', '66', '76']}",0.4472222222222222
New Hampshire,14,160,Wildcats,10,9,0.5263157894736842,"{1: ['Wed, Nov 25', 'State', 'N/A', 'W', '93', '54'], 2: ['Tue, Dec 1', 'Bryant', 'N/A', 'L', '85', '93'], 3: ['Sun, Dec 6', 'Quinnipiac', 'N/A', 'L', '58', '64'], 4: ['Sun, Dec 27', 'Hartford', 'N/A', 'W', '77', '69'], 5: ['Mon, Dec 28', 'Hartford', 'N/A', 'W', '53', '51'], 6: ['Sat, Jan 2', 'Maine', 'N/A', 'L', '56', '59'], 7: ['Sun, Jan 3', 'Maine', 'N/A', 'W', '62', '58'], 8: ['Sat, Jan 9', 'UMBC', 'N/A', 'L', '54', '69'], 9: ['Sun, Jan 10', 'UMBC', 'N/A', 'L', '66', '68'], 10: ['Sat, Jan 16', 'Stony Brook', 'N/A', 'W', '81', '64'], 11: ['Sun, Jan 17', 'Stony Brook', 'N/A', 'W', '67', '64'], 12: ['Sat, Jan 23', 'Albany', 'N/A', 'W', '71', '64'], 13: ['Sun, Jan 24', 'Albany', 'N/A', 'L', '64', '83'], 14: ['Sat, Jan 30', 'Binghamton', 'N/A', 'L', '44', '65'], 15: ['Sun, Jan 31', 'Binghamton', 'N/A', 'W', '71', '65'], 16: ['Fri, Feb 5', 'UMass Lowell', 'N/A', 'L', '69', '74'], 17: ['Sat, Feb 6', 'UMass Lowell', 'N/A', 'W', '74', '63'], 18: ['Sat, Feb 20', 'UMass Lowell', 'N/A', 'W', '69', '67'], 19: ['Sun, Feb 28', 'UMass Lowell', 'N/A', 'L', '64', '72']}",0.4573843158988088
Stony Brook,15,2619,Seawolves,9,14,0.39130434782608703,"{1: ['Tue, Dec 1', ""Saint Peter's"", 'N/A', 'L', '68', '82'], 2: ['Fri, Dec 4', 'Fairfield', 'N/A', 'W', '72', '69'], 3: ['Sun, Dec 6', ""St. John's"", 'N/A', 'L', '66', '89'], 4: ['Wed, Dec 9', 'Hofstra', 'N/A', 'L', '67', '72'], 5: ['Sat, Dec 12', 'Bryant', 'N/A', 'L', '72', '81'], 6: ['Tue, Dec 15', 'Park', 'N/A', 'W', '83', '39'], 7: ['Sat, Dec 19', 'Binghamton', 'N/A', 'W', '73', '59'], 8: ['Sun, Dec 20', 'Binghamton', 'N/A', 'W', '80', '70'], 9: ['Sun, Dec 27', 'UMass Lowell', 'N/A', 'W', '73', '58'], 10: ['Mon, Dec 28', 'UMass Lowell', 'N/A', 'W', '71', '64'], 11: ['Sat, Jan 16', 'New Hampshire', 'N/A', 'L', '64', '81'], 12: ['Sun, Jan 17', 'New Hampshire', 'N/A', 'L', '64', '67'], 13: ['Sat, Jan 23', 'NJIT', 'N/A', 'L', '65', '74'], 14: ['Sun, Jan 24', 'NJIT', 'N/A', 'W', '56', '44'], 15: ['Sat, Jan 30', 'Hartford', 'N/A', 'L', '57', '59'], 16: ['Sun, Jan 31', 'Hartford', 'N/A', 'W', '63', '49'], 17: ['Sun, Feb 7', 'UMBC', 'N/A', 'L', '65', '71'], 18: ['Mon, Feb 8', 'UMBC', 'N/A', 'L', '48', '60'], 19: ['Sat, Feb 13', 'Vermont', 'N/A', 'L', '78', '86'], 20: ['Sun, Feb 14', 'Vermont', 'N/A', 'L', '57', '61'], 21: ['Sat, Feb 20', 'Albany', 'N/A', 'W', '59', '43'], 22: ['Sun, Feb 21', 'Albany', 'N/A', 'L', '59', '67'], 23: ['Sat, Feb 27', 'UMass Lowell', 'N/A', 'L', '62', '64']}",0.5149772790562263
UMBC,16,2378,Retrievers,14,6,0.7,"{1: ['Wed, Nov 25', 'Georgetown', 'N/A', 'L', '62', '70'], 2: ['Sat, Nov 28', 'St. Francis (PA)', 'N/A', 'W', '80', '65'], 3: ['Mon, Dec 7', 'George Washington', 'N/A', 'W', '92', '81'], 4: ['Tue, Dec 8', 'Delaware', 'N/A', 'W', '76', '61'], 5: ['Sun, Dec 13', 'Coppin State', 'N/A', 'W', '66', '49'], 6: ['Sat, Dec 19', 'Albany', 'N/A', 'W', '65', '64'], 7: ['Sun, Dec 20', 'Albany', 'N/A', 'W', '65', '60'], 8: ['Sun, Dec 27', 'Binghamton', 'N/A', 'W', '74', '67'], 9: ['Mon, Dec 28', 'Binghamton', 'N/A', 'L', '69', '75'], 10: ['Sat, Jan 9', 'New Hampshire', 'N/A', 'W', '69', '54'], 11: ['Sun, Jan 10', 'New Hampshire', 'N/A', 'W', '68', '66'], 12: ['Sat, Jan 16', 'Hartford', 'N/A', 'L', '63', '70'], 13: ['Sun, Jan 17', 'Hartford', 'N/A', 'W', '57', '49'], 14: ['Sun, Jan 31', 'NJIT', 'N/A', 'L', '65', '69'], 15: ['Tue, Feb 2', 'NJIT', 'N/A', 'W', '75', '71'], 16: ['Sun, Feb 7', 'Stony Brook', 'N/A', 'W', '71', '65'], 17: ['Mon, Feb 8', 'Stony Brook', 'N/A', 'W', '60', '48'], 18: ['Thu, Feb 18', 'Vermont', 'N/A', 'L', '71', '80'], 19: ['Fri, Feb 19', 'Vermont', 'N/A', 'W', '66', '55'], 20: ['Sat, Mar 6', 'UMass Lowell', 'N/A', 'L', '77', '79']}",0.4447861761374684
UMass Lowell,17,2349,River Hawks,11,12,0.4782608695652174,"{1: ['Wed, Nov 25', 'San Francisco', 'N/A', 'W', '76', '68'], 2: ['Sat, Nov 28', 'Illinois State', 'N/A', 'L', '72', '82'], 3: ['Sun, Nov 29', 'Ohio State', '23', 'L', '64', '74'], 4: ['Thu, Dec 3', 'NC State', 'N/A', 'L', '59', '90'], 5: ['Mon, Dec 21', 'Vermont', 'N/A', 'W', '73', '65'], 6: ['Tue, Dec 22', 'Vermont', 'N/A', 'L', '53', '62'], 7: ['Sun, Dec 27', 'Stony Brook', 'N/A', 'L', '58', '73'], 8: ['Mon, Dec 28', 'Stony Brook', 'N/A', 'L', '64', '71'], 9: ['Sat, Jan 2', 'NJIT', 'N/A', 'L', '67', '73'], 10: ['Sun, Jan 3', 'NJIT', 'N/A', 'W', '74', '60'], 11: ['Sat, Jan 9', 'Hartford', 'N/A', 'W', '71', '62'], 12: ['Sun, Jan 10', 'Hartford', 'N/A', 'L', '58', '75'], 13: ['Sat, Jan 16', 'Binghamton', 'N/A', 'W', '92', '78'], 14: ['Sun, Jan 17', 'Binghamton', 'N/A', 'W', '77', '67'], 15: ['Fri, Feb 5', 'New Hampshire', 'N/A', 'W', '74', '69'], 16: ['Sat, Feb 6', 'New Hampshire', 'N/A', 'L', '63', '74'], 17: ['Fri, Feb 12', 'Albany', 'N/A', 'W', '79', '71'], 18: ['Sat, Feb 13', 'Albany', 'N/A', 'L', '69', '81'], 19: ['Sat, Feb 20', 'New Hampshire', 'N/A', 'L', '67', '69'], 20: ['Sat, Feb 27', 'Stony Brook', 'N/A', 'W', '64', '62'], 21: ['Sun, Feb 28', 'New Hampshire', 'N/A', 'W', '72', '64'], 22: ['Sat, Mar 6', 'UMBC', 'N/A', 'W', '79', '77'], 23: ['Sat, Mar 13', 'Hartford', 'N/A', 'L', '50', '64']}",0.4937629901124338
Vermont,18,261,Catamounts,10,5,0.6666666666666666,"{1: ['Mon, Dec 21', 'UMass Lowell', 'N/A', 'L', '65', '73'], 2: ['Tue, Dec 22', 'UMass Lowell', 'N/A', 'W', '62', '53'], 3: ['Sun, Dec 27', 'NJIT', 'N/A', 'W', '92', '78'], 4: ['Mon, Dec 28', 'NJIT', 'N/A', 'L', '80', '81'], 5: ['Sat, Jan 2', 'Albany', 'N/A', 'L', '62', '63'], 6: ['Sun, Jan 3', 'Albany', 'N/A', 'W', '74', '66'], 7: ['Sat, Jan 9', 'Binghamton', 'N/A', 'W', '76', '60'], 8: ['Sun, Jan 10', 'Binghamton', 'N/A', 'W', '84', '44'], 9: ['Sat, Jan 16', 'Maine', 'N/A', 'W', '65', '30'], 10: ['Sun, Jan 17', 'Maine', 'N/A', 'W', '88', '60'], 11: ['Sat, Feb 13', 'Stony Brook', 'N/A', 'W', '86', '78'], 12: ['Sun, Feb 14', 'Stony Brook', 'N/A', 'W', '61', '57'], 13: ['Thu, Feb 18', 'UMBC', 'N/A', 'W', '80', '71'], 14: ['Fri, Feb 19', 'UMBC', 'N/A', 'L', '55', '66'], 15: ['Sat, Mar 6', 'Hartford', 'N/A', 'L', '65', '71']}",0.41765742859564375
Cincinnati,19,2132,Bearcats,12,11,0.5217391304347826,"{1: ['Wed, Dec 2', 'Lipscomb', 'N/A', 'W', '67', '55'], 2: ['Sun, Dec 6', 'Xavier', 'N/A', 'L', '69', '77'], 3: ['Wed, Dec 9', 'Furman', 'N/A', 'W', '78', '73'], 4: ['Sat, Dec 12', 'Tennessee', '12', 'L', '56', '65'], 5: ['Wed, Dec 16', 'South Florida', 'N/A', 'L', '71', '74'], 6: ['Sat, Dec 19', 'Georgia', 'N/A', 'L', '68', '83'], 7: ['Tue, Dec 22', 'UCF', 'N/A', 'L', '70', '75'], 8: ['Sat, Jan 2', 'Tulsa', 'N/A', 'L', '66', '70'], 9: ['Thu, Jan 7', 'SMU', 'N/A', 'W', '76', '69'], 10: ['Sun, Jan 10', 'Wichita State', 'N/A', 'L', '76', '82'], 11: ['Thu, Feb 4', 'Temple', 'N/A', 'W', '63', '60'], 12: ['Sun, Feb 7', 'Tulane', 'N/A', 'W', '64', '61'], 13: ['Fri, Feb 12', 'Temple', 'N/A', 'W', '71', '69'], 14: ['Sun, Feb 14', 'UCF', 'N/A', 'W', '69', '68'], 15: ['Sun, Feb 21', 'Houston', '6', 'L', '52', '90'], 16: ['Wed, Feb 24', 'Tulsa', 'N/A', 'W', '70', '69'], 17: ['Fri, Feb 26', 'Tulane', 'N/A', 'W', '91', '71'], 18: ['Sun, Feb 28', 'Memphis', 'N/A', 'L', '74', '80'], 19: ['Thu, Mar 4', 'Vanderbilt', 'N/A', 'L', '64', '78'], 20: ['Sun, Mar 7', 'East Carolina', 'N/A', 'W', '82', '69'], 21: ['Fri, Mar 12', 'SMU', 'N/A', 'W', '74', '71'], 22: ['Sat, Mar 13', 'Wichita State', 'N/A', 'W', '60', '59'], 23: ['Sun, Mar 14', 'Houston', '7', 'L', '54', '91']}",0.6592983044944336
East Carolina,20,151,Pirates,8,11,0.42105263157894735,"{1: ['Fri, Nov 27', 'Charlotte', 'N/A', 'W', '66', '57'], 2: ['Tue, Dec 1', 'Wesleyan', 'N/A', 'W', '91', '62'], 3: ['Sat, Dec 5', 'Radford', 'N/A', 'W', '63', '50'], 4: ['Mon, Dec 7', 'UNC Wilmington', 'N/A', 'W', '88', '78'], 5: ['Thu, Dec 10', 'North Florida', 'N/A', 'W', '73', '67'], 6: ['Wed, Dec 16', 'SMU', 'N/A', 'L', '55', '70'], 7: ['Sat, Dec 19', 'James Madison', 'N/A', 'W', '73', '64'], 8: ['Tue, Dec 22', 'Tulane', 'N/A', 'W', '68', '58'], 9: ['Sat, Jan 2', 'Tulane', 'N/A', 'L', '56', '60'], 10: ['Sat, Jan 9', 'South Florida', 'N/A', 'L', '63', '69'], 11: ['Sun, Jan 24', 'Memphis', 'N/A', 'L', '53', '80'], 12: ['Wed, Jan 27', 'UCF', 'N/A', 'L', '64', '71'], 13: ['Sat, Jan 30', 'Tulsa', 'N/A', 'L', '68', '77'], 14: ['Wed, Feb 3', 'Houston', '5', 'W', '82', '73'], 15: ['Sat, Feb 6', 'Memphis', 'N/A', 'L', '59', '66'], 16: ['Mon, Feb 8', 'SMU', 'N/A', 'L', '56', '71'], 17: ['Thu, Mar 4', 'UCF', 'N/A', 'L', '60', '64'], 18: ['Sun, Mar 7', 'Cincinnati', 'N/A', 'L', '69', '82'], 19: ['Thu, Mar 11', 'UCF', 'N/A', 'L', '62', '72']}",0.5838644374160146
Houston,21,248,Cougars,25,3,0.8928571428571429,"{1: ['Fri, Mar 19', 'Cleveland State', '15', 'W', '87', '56'], 2: ['Wed, Nov 25', 'Lamar', 'N/A', 'W', '89', '45'], 3: ['Fri, Nov 27', 'Boise State', 'N/A', 'W', '68', '58'], 4: ['Sun, Nov 29', 'Texas Tech', '14', 'W', '64', '53'], 5: ['Sat, Dec 5', 'South Carolina', 'N/A', 'W', '77', '67'], 6: ['Sun, Dec 20', 'Alcorn State', 'N/A', 'W', '88', '55'], 7: ['Tue, Dec 22', 'Temple', 'N/A', 'W', '76', '50'], 8: ['Sat, Dec 26', 'UCF', 'N/A', 'W', '63', '54'], 9: ['Tue, Dec 29', 'Tulsa', 'N/A', 'L', '64', '65'], 10: ['Sun, Jan 3', 'SMU', 'N/A', 'W', '74', '60'], 11: ['Wed, Jan 6', 'Wichita State', 'N/A', 'W', '70', '63'], 12: ['Sat, Jan 9', 'Tulane', 'N/A', 'W', '71', '50'], 13: ['Sun, Jan 17', 'UCF', 'N/A', 'W', '75', '58'], 14: ['Wed, Jan 20', 'Tulsa', 'N/A', 'W', '86', '59'], 15: ['Sat, Jan 23', 'Temple', 'N/A', 'W', '68', '51'], 16: ['Thu, Jan 28', 'Tulane', 'N/A', 'W', '83', '60'], 17: ['Sun, Jan 31', 'SMU', 'N/A', 'W', '70', '48'], 18: ['Wed, Feb 3', 'East Carolina', 'N/A', 'L', '73', '82'], 19: ['Sat, Feb 6', 'Lady of the Lake', 'N/A', 'W', '112', '46'], 20: ['Wed, Feb 10', 'South Florida', 'N/A', 'W', '82', '65'], 21: ['Thu, Feb 18', 'Wichita State', 'N/A', 'L', '63', '68'], 22: ['Sun, Feb 21', 'Cincinnati', 'N/A', 'W', '90', '52'], 23: ['Thu, Feb 25', 'Western Kentucky', 'N/A', 'W', '81', '57'], 24: ['Sun, Feb 28', 'South Florida', 'N/A', 'W', '98', '52'], 25: ['Sun, Mar 7', 'Memphis', 'N/A', 'W', '67', '64'], 26: ['Fri, Mar 12', 'Tulane', 'N/A', 'W', '77', '52'], 27: ['Sat, Mar 13', 'Memphis', 'N/A', 'W', '76', '74'], 28: ['Sun, Mar 14', 'Cincinnati', 'N/A', 'W', '91', '54']}",0.5549078072482818
Memphis,22,235,Tigers,17,8,0.68,"{1: ['Sat, Mar 20', 'Dayton', '4', 'W', '71', '60'], 2: ['Wed, Nov 25', ""Saint Mary's"", 'N/A', 'W', '73', '56'], 3: ['Thu, Nov 26', 'Western Kentucky', 'N/A', 'L', '69', '75'], 4: ['Fri, Nov 27', 'VCU', 'N/A', 'L', '59', '70'], 5: ['Wed, Dec 2', 'Arkansas State', 'N/A', 'W', '83', '54'], 6: ['Fri, Dec 4', 'Central Arkansas', 'N/A', 'W', '85', '68'], 7: ['Tue, Dec 8', 'Mississippi Valley State', 'N/A', 'W', '94', '57'], 8: ['Sat, Dec 12', 'Auburn', 'N/A', 'L', '71', '74'], 9: ['Wed, Dec 16', 'Tulane', 'N/A', 'W', '80', '74'], 10: ['Mon, Dec 21', 'Tulsa', 'N/A', 'L', '49', '56'], 11: ['Tue, Dec 29', 'South Florida', 'N/A', 'W', '58', '57'], 12: ['Sun, Jan 17', 'Tulsa', 'N/A', 'L', '57', '58'], 13: ['Thu, Jan 21', 'Wichita State', 'N/A', 'W', '72', '52'], 14: ['Sun, Jan 24', 'East Carolina', 'N/A', 'W', '80', '53'], 15: ['Tue, Jan 26', 'SMU', 'N/A', 'W', '76', '72'], 16: ['Thu, Jan 28', 'SMU', 'N/A', 'L', '65', '67'], 17: ['Mon, Feb 1', 'UCF', 'N/A', 'W', '96', '69'], 18: ['Wed, Feb 3', 'UCF', 'N/A', 'W', '75', '61'], 19: ['Sat, Feb 6', 'East Carolina', 'N/A', 'W', '66', '59'], 20: ['Wed, Feb 24', 'Tulane', 'N/A', 'W', '61', '46'], 21: ['Sun, Feb 28', 'Cincinnati', 'N/A', 'W', '80', '74'], 22: ['Tue, Mar 2', 'South Florida', 'N/A', 'W', '73', '52'], 23: ['Sun, Mar 7', 'Houston', '9', 'L', '64', '67'], 24: ['Fri, Mar 12', 'UCF', 'N/A', 'W', '70', '62'], 25: ['Sat, Mar 13', 'Houston', '7', 'L', '74', '76']}",0.626154091555583
SMU,23,2567,Mustangs,11,6,0.6470588235294118,"{1: ['Thu, Mar 18', 'Boise State', '2', 'L', '84', '85'], 2: ['Wed, Nov 25', 'Sam Houston State', 'N/A', 'W', '97', '67'], 3: ['Mon, Nov 30', 'Texas A&M-CC', 'N/A', 'W', '91', '54'], 4: ['Wed, Dec 2', 'Houston Baptist', 'N/A', 'W', '102', '75'], 5: ['Sat, Dec 5', 'Dayton', 'N/A', 'W', '66', '64'], 6: ['Wed, Dec 16', 'East Carolina', 'N/A', 'W', '70', '55'], 7: ['Wed, Dec 30', 'Temple', 'N/A', 'W', '79', '71'], 8: ['Sun, Jan 3', 'Houston', '5', 'L', '60', '74'], 9: ['Thu, Jan 7', 'Cincinnati', 'N/A', 'L', '69', '76'], 10: ['Mon, Jan 11', 'Temple', 'N/A', 'W', '79', '68'], 11: ['Sat, Jan 23', 'UCF', 'N/A', 'W', '78', '65'], 12: ['Tue, Jan 26', 'Memphis', 'N/A', 'L', '72', '76'], 13: ['Thu, Jan 28', 'Memphis', 'N/A', 'W', '67', '65'], 14: ['Sun, Jan 31', 'Houston', '6', 'L', '48', '70'], 15: ['Wed, Feb 3', 'Tulsa', 'N/A', 'W', '65', '63'], 16: ['Mon, Feb 8', 'East Carolina', 'N/A', 'W', '71', '56'], 17: ['Fri, Mar 12', 'Cincinnati', 'N/A', 'L', '71', '74']}",0.6992212557537635
South Florida,24,58,Bulls,9,13,0.4090909090909091,"{1: ['Wed, Nov 25', 'College', 'N/A', 'W', '94', '84'], 2: ['Sat, Nov 28', 'Rhode Island', 'N/A', 'L', '68', '84'], 3: ['Sun, Nov 29', 'Virginia Tech', 'N/A', 'L', '58', '76'], 4: ['Wed, Dec 2', 'Florida Gulf Coast', 'N/A', 'W', '76', '57'], 5: ['Tue, Dec 8', 'Stetson', 'N/A', 'W', '73', '62'], 6: ['Sat, Dec 12', 'Wofford', 'N/A', 'W', '58', '56'], 7: ['Wed, Dec 16', 'Cincinnati', 'N/A', 'W', '74', '71'], 8: ['Tue, Dec 22', 'Wichita State', 'N/A', 'L', '77', '82'], 9: ['Tue, Dec 29', 'Memphis', 'N/A', 'L', '57', '58'], 10: ['Sat, Jan 2', 'UCF', 'N/A', 'W', '68', '61'], 11: ['Wed, Jan 6', 'Tulsa', 'N/A', 'L', '51', '61'], 12: ['Sat, Jan 9', 'East Carolina', 'N/A', 'W', '69', '63'], 13: ['Wed, Feb 10', 'Houston', '8', 'L', '65', '82'], 14: ['Sun, Feb 14', 'Tulane', 'N/A', 'L', '59', '62'], 15: ['Wed, Feb 17', 'UCF', 'N/A', 'L', '65', '81'], 16: ['Sun, Feb 21', 'Temple', 'N/A', 'W', '83', '76'], 17: ['Wed, Feb 24', 'Temple', 'N/A', 'L', '47', '65'], 18: ['Sun, Feb 28', 'Houston', '12', 'L', '52', '98'], 19: ['Tue, Mar 2', 'Memphis', 'N/A', 'L', '52', '73'], 20: ['Sat, Mar 6', 'Wichita State', 'N/A', 'L', '63', '80'], 21: ['Thu, Mar 11', 'Temple', 'N/A', 'W', '73', '71'], 22: ['Fri, Mar 12', 'Wichita State', 'N/A', 'L', '67', '68']}",0.6279887230624398
Temple,25,218,Owls,5,11,0.3125,"{1: ['Sat, Dec 19', 'NJIT', 'N/A', 'W', '72', '60'], 2: ['Tue, Dec 22', 'Houston', '6', 'L', '50', '76'], 3: ['Wed, Dec 30', 'SMU', 'N/A', 'L', '71', '79'], 4: ['Mon, Jan 11', 'SMU', 'N/A', 'L', '68', '79'], 5: ['Thu, Jan 14', 'UCF', 'N/A', 'W', '62', '55'], 6: ['Sat, Jan 16', 'Tulane', 'N/A', 'W', '65', '57'], 7: ['Sat, Jan 23', 'Houston', '8', 'L', '51', '68'], 8: ['Tue, Jan 26', 'Tulsa', 'N/A', 'W', '76', '67'], 9: ['Sun, Jan 31', 'Tulane', 'N/A', 'L', '64', '81'], 10: ['Thu, Feb 4', 'Cincinnati', 'N/A', 'L', '60', '63'], 11: ['Sun, Feb 7', 'Wichita State', 'N/A', 'L', '67', '70'], 12: ['Fri, Feb 12', 'Cincinnati', 'N/A', 'L', '69', '71'], 13: ['Tue, Feb 16', 'Tulsa', 'N/A', 'L', '66', '72'], 14: ['Sun, Feb 21', 'South Florida', 'N/A', 'L', '76', '83'], 15: ['Wed, Feb 24', 'South Florida', 'N/A', 'W', '65', '47'], 16: ['Thu, Mar 11', 'South Florida', 'N/A', 'L', '71', '73']}",0.6514140329316663
Tulane,26,2655,Green Wave,10,13,0.43478260869565216,"{1: ['Fri, Nov 27', 'Lamar', 'N/A', 'W', '66', '57'], 2: ['Sun, Nov 29', 'Lipscomb', 'N/A', 'W', '68', '66'], 3: ['Wed, Dec 9', 'Southern Miss', 'N/A', 'W', '58', '38'], 4: ['Sat, Dec 12', 'Arkansas-Pine Bluff', 'N/A', 'W', '67', '56'], 5: ['Wed, Dec 16', 'Memphis', 'N/A', 'L', '74', '80'], 6: ['Sat, Dec 19', 'Grambling', 'N/A', 'W', '77', '65'], 7: ['Tue, Dec 22', 'East Carolina', 'N/A', 'L', '58', '68'], 8: ['Sat, Jan 2', 'East Carolina', 'N/A', 'W', '60', '56'], 9: ['Sat, Jan 9', 'Houston', '11', 'L', '50', '71'], 10: ['Sat, Jan 16', 'Temple', 'N/A', 'L', '57', '65'], 11: ['Thu, Jan 28', 'Houston', '6', 'L', '60', '83'], 12: ['Sun, Jan 31', 'Temple', 'N/A', 'W', '81', '64'], 13: ['Wed, Feb 3', 'Wichita State', 'N/A', 'L', '67', '75'], 14: ['Sun, Feb 7', 'Cincinnati', 'N/A', 'L', '61', '64'], 15: ['Wed, Feb 10', 'Tulsa', 'N/A', 'W', '58', '48'], 16: ['Fri, Feb 12', 'UCF', 'N/A', 'L', '49', '53'], 17: ['Sun, Feb 14', 'South Florida', 'N/A', 'W', '62', '59'], 18: ['Sat, Feb 20', 'UCF', 'N/A', 'L', '81', '84'], 19: ['Wed, Feb 24', 'Memphis', 'N/A', 'L', '46', '61'], 20: ['Fri, Feb 26', 'Cincinnati', 'N/A', 'L', '71', '91'], 21: ['Wed, Mar 3', 'Wichita State', 'N/A', 'L', '70', '78'], 22: ['Thu, Mar 11', 'Tulsa', 'N/A', 'W', '77', '70'], 23: ['Fri, Mar 12', 'Houston', '7', 'L', '52', '77']}",0.6345449220519361
Tulsa,27,202,Golden Hurricane,11,12,0.4782608695652174,"{1: ['Sat, Nov 28', 'TCU', 'N/A', 'L', '65', '70'], 2: ['Sun, Nov 29', 'South Carolina', 'N/A', 'L', '58', '69'], 3: ['Fri, Dec 4', 'UT Arlington', 'N/A', 'W', '79', '64'], 4: ['Tue, Dec 15', 'Wichita State', 'N/A', 'L', '65', '69'], 5: ['Fri, Dec 18', 'Northwestern State', 'N/A', 'W', '82', '55'], 6: ['Mon, Dec 21', 'Memphis', 'N/A', 'W', '56', '49'], 7: ['Wed, Dec 23', 'Christian Univ', 'N/A', 'W', '102', '45'], 8: ['Tue, Dec 29', 'Houston', '5', 'W', '65', '64'], 9: ['Sat, Jan 2', 'Cincinnati', 'N/A', 'W', '70', '66'], 10: ['Wed, Jan 6', 'South Florida', 'N/A', 'W', '61', '51'], 11: ['Wed, Jan 13', 'Wichita State', 'N/A', 'L', '53', '72'], 12: ['Sun, Jan 17', 'Memphis', 'N/A', 'W', '58', '57'], 13: ['Wed, Jan 20', 'Houston', '8', 'L', '59', '86'], 14: ['Tue, Jan 26', 'Temple', 'N/A', 'L', '67', '76'], 15: ['Sat, Jan 30', 'East Carolina', 'N/A', 'W', '77', '68'], 16: ['Wed, Feb 3', 'SMU', 'N/A', 'L', '63', '65'], 17: ['Sat, Feb 6', 'UCF', 'N/A', 'L', '58', '65'], 18: ['Wed, Feb 10', 'Tulane', 'N/A', 'L', '48', '58'], 19: ['Tue, Feb 16', 'Temple', 'N/A', 'W', '72', '66'], 20: ['Wed, Feb 24', 'Cincinnati', 'N/A', 'L', '69', '70'], 21: ['Tue, Mar 2', 'UCF', 'N/A', 'L', '69', '73'], 22: ['Thu, Mar 4', 'State', 'N/A', 'W', '107', '74'], 23: ['Thu, Mar 11', 'Tulane', 'N/A', 'L', '70', '77']}",0.6149804959014593
UCF,28,2116,Knights,11,12,0.4782608695652174,"{1: ['Mon, Nov 30', 'Auburn', 'N/A', 'W', '63', '55'], 2: ['Sun, Dec 6', 'Michigan', 'N/A', 'L', '58', '80'], 3: ['Sat, Dec 19', 'Florida State', '15', 'W', '86', '74'], 4: ['Tue, Dec 22', 'Cincinnati', 'N/A', 'W', '75', '70'], 5: ['Sat, Dec 26', 'Houston', '6', 'L', '54', '63'], 6: ['Sat, Jan 2', 'South Florida', 'N/A', 'L', '61', '68'], 7: ['Thu, Jan 14', 'Temple', 'N/A', 'L', '55', '62'], 8: ['Sun, Jan 17', 'Houston', '11', 'L', '58', '75'], 9: ['Sat, Jan 23', 'SMU', 'N/A', 'L', '65', '78'], 10: ['Wed, Jan 27', 'East Carolina', 'N/A', 'W', '71', '64'], 11: ['Sat, Jan 30', 'Wichita State', 'N/A', 'L', '88', '93'], 12: ['Mon, Feb 1', 'Memphis', 'N/A', 'L', '69', '96'], 13: ['Wed, Feb 3', 'Memphis', 'N/A', 'L', '61', '75'], 14: ['Sat, Feb 6', 'Tulsa', 'N/A', 'W', '65', '58'], 15: ['Wed, Feb 10', 'Wichita State', 'N/A', 'L', '60', '61'], 16: ['Fri, Feb 12', 'Tulane', 'N/A', 'W', '53', '49'], 17: ['Sun, Feb 14', 'Cincinnati', 'N/A', 'L', '68', '69'], 18: ['Wed, Feb 17', 'South Florida', 'N/A', 'W', '81', '65'], 19: ['Sat, Feb 20', 'Tulane', 'N/A', 'W', '84', '81'], 20: ['Tue, Mar 2', 'Tulsa', 'N/A', 'W', '73', '69'], 21: ['Thu, Mar 4', 'East Carolina', 'N/A', 'W', '64', '60'], 22: ['Thu, Mar 11', 'East Carolina', 'N/A', 'W', '72', '62'], 23: ['Fri, Mar 12', 'Memphis', 'N/A', 'L', '62', '70']}",0.664617607633939
Wichita State,29,2724,Shockers,16,6,0.7272727272727273,"{1: ['Thu, Mar 18', 'Drake', '11', 'L', '52', '53'], 2: ['Wed, Dec 2', 'Oral Roberts', 'N/A', 'W', '85', '80'], 3: ['Sun, Dec 6', 'Missouri', 'N/A', 'L', '62', '72'], 4: ['Sat, Dec 12', 'Oklahoma State', 'N/A', 'L', '64', '67'], 5: ['Tue, Dec 15', 'Tulsa', 'N/A', 'W', '69', '65'], 6: ['Fri, Dec 18', 'State', 'N/A', 'W', '73', '57'], 7: ['Tue, Dec 22', 'South Florida', 'N/A', 'W', '82', '77'], 8: ['Wed, Dec 30', '', 'N/A', 'W', '81', '43'], 9: ['Sat, Jan 2', 'Ole Miss', 'N/A', 'W', '83', '79'], 10: ['Wed, Jan 6', 'Houston', '11', 'L', '63', '70'], 11: ['Sun, Jan 10', 'Cincinnati', 'N/A', 'W', '82', '76'], 12: ['Wed, Jan 13', 'Tulsa', 'N/A', 'W', '72', '53'], 13: ['Thu, Jan 21', 'Memphis', 'N/A', 'L', '52', '72'], 14: ['Sat, Jan 30', 'UCF', 'N/A', 'W', '93', '88'], 15: ['Wed, Feb 3', 'Tulane', 'N/A', 'W', '75', '67'], 16: ['Sun, Feb 7', 'Temple', 'N/A', 'W', '70', '67'], 17: ['Wed, Feb 10', 'UCF', 'N/A', 'W', '61', '60'], 18: ['Thu, Feb 18', 'Houston', '6', 'W', '68', '63'], 19: ['Wed, Mar 3', 'Tulane', 'N/A', 'W', '78', '70'], 20: ['Sat, Mar 6', 'South Florida', 'N/A', 'W', '80', '63'], 21: ['Fri, Mar 12', 'South Florida', 'N/A', 'W', '68', '67'], 22: ['Sat, Mar 13', 'Cincinnati', 'N/A', 'L', '59', '60']}",0.6705432197202702
Davidson,30,2166,Wildcats,13,9,0.5909090909090909,"{1: ['Thu, Mar 18', 'NC State', '3', 'L', '61', '75'], 2: ['Wed, Nov 25', 'High Point', 'N/A', 'W', '82', '73'], 3: ['Mon, Nov 30', 'Texas', '17', 'L', '76', '78'], 4: ['Tue, Dec 1', 'Providence', 'N/A', 'L', '62', '63'], 5: ['Wed, Dec 2', 'UNLV', 'N/A', 'W', '77', '73'], 6: ['Fri, Dec 11', 'Georgia Southern', 'N/A', 'W', '77', '45'], 7: ['Tue, Dec 15', 'Charlotte', 'N/A', 'L', '52', '63'], 8: ['Fri, Dec 18', 'Rhode Island', 'N/A', 'W', '67', '58'], 9: ['Tue, Dec 22', 'Vanderbilt', 'N/A', 'W', '85', '65'], 10: ['Wed, Dec 30', 'Richmond', 'N/A', 'L', '74', '80'], 11: ['Tue, Jan 5', 'Duquesne', 'N/A', 'W', '61', '48'], 12: ['Fri, Jan 8', 'Dayton', 'N/A', 'L', '78', '89'], 13: ['Tue, Jan 12', ""Saint Joseph's"", 'N/A', 'W', '80', '66'], 14: ['Sat, Jan 16', 'La Salle', 'N/A', 'W', '77', '53'], 15: ['Wed, Jan 20', 'Fordham', 'N/A', 'W', '73', '58'], 16: ['Sun, Jan 24', 'UMass', 'N/A', 'W', '69', '60'], 17: ['Fri, Feb 19', 'Virginia', 'N/A', 'W', '101', '51'], 18: ['Sun, Feb 21', 'St. Bonaventure', 'N/A', 'L', '58', '69'], 19: ['Wed, Feb 24', 'St. Bonaventure', 'N/A', 'L', '53', '56'], 20: ['Sat, Feb 27', 'VCU', 'N/A', 'W', '65', '57'], 21: ['Fri, Mar 5', 'George Mason', 'N/A', 'W', '99', '67'], 22: ['Sat, Mar 6', 'VCU', 'N/A', 'L', '52', '64']}",0.5847902114720299
Dayton,31,2168,Flyers,14,10,0.5833333333333334,"{1: ['Sat, Mar 20', 'Memphis', '1', 'L', '60', '71'], 2: ['Tue, Dec 1', 'Eastern Illinois', 'N/A', 'W', '66', '63'], 3: ['Sat, Dec 5', 'SMU', 'N/A', 'L', '64', '66'], 4: ['Tue, Dec 8', 'Northern Kentucky', 'N/A', 'W', '66', '60'], 5: ['Sat, Dec 12', 'Mississippi State', 'N/A', 'W', '85', '82'], 6: ['Sat, Dec 19', 'Ole Miss', 'N/A', 'W', '65', '62'], 7: ['Wed, Dec 30', 'La Salle', 'N/A', 'L', '65', '67'], 8: ['Sat, Jan 2', 'George Mason', 'N/A', 'W', '74', '65'], 9: ['Tue, Jan 5', 'Fordham', 'N/A', 'L', '54', '55'], 10: ['Fri, Jan 8', 'Davidson', 'N/A', 'W', '89', '78'], 11: ['Wed, Jan 13', 'Duquesne', 'N/A', 'W', '72', '63'], 12: ['Sun, Jan 17', 'George Washington', 'N/A', 'W', '67', '54'], 13: ['Sat, Jan 23', 'VCU', 'N/A', 'L', '43', '66'], 14: ['Tue, Jan 26', 'Saint Louis', '22', 'W', '76', '71'], 15: ['Sat, Jan 30', 'Rhode Island', 'N/A', 'W', '67', '56'], 16: ['Tue, Feb 2', 'Duquesne', 'N/A', 'L', '64', '69'], 17: ['Fri, Feb 5', 'George Mason', 'N/A', 'W', '74', '65'], 18: ['Tue, Feb 9', 'VCU', 'N/A', 'L', '67', '76'], 19: ['Tue, Feb 16', 'Rhode Island', 'N/A', 'L', '89', '91'], 20: ['Fri, Feb 19', 'Saint Louis', 'N/A', 'W', '76', '53'], 21: ['Wed, Feb 24', ""Saint Joseph's"", 'N/A', 'L', '84', '97'], 22: ['Mon, Mar 1', 'St. Bonaventure', 'N/A', 'W', '55', '52'], 23: ['Thu, Mar 4', 'Rhode Island', 'N/A', 'W', '84', '72'], 24: ['Fri, Mar 5', 'VCU', 'N/A', 'L', '68', '73']}",0.5761335554423791
Duquesne,32,2184,Dukes,9,9,0.5,"{1: ['Mon, Nov 30', 'Little Rock', 'N/A', 'L', '66', '76'], 2: ['Wed, Dec 2', 'UNC Greensboro', 'N/A', 'W', '81', '68'], 3: ['Sat, Jan 2', 'George Washington', 'N/A', 'W', '75', '63'], 4: ['Sun, Jan 3', 'George Washington', 'N/A', 'L', '73', '75'], 5: ['Tue, Jan 5', 'Davidson', 'N/A', 'L', '48', '61'], 6: ['Sat, Jan 9', 'Fordham', 'N/A', 'W', '48', '45'], 7: ['Wed, Jan 13', 'Dayton', 'N/A', 'L', '63', '72'], 8: ['Fri, Jan 15', 'St. Bonaventure', 'N/A', 'L', '48', '62'], 9: ['Wed, Jan 20', 'Rhode Island', 'N/A', 'W', '71', '69'], 10: ['Sat, Jan 23', 'St. Bonaventure', 'N/A', 'L', '61', '65'], 11: ['Wed, Jan 27', 'Fordham', 'N/A', 'W', '86', '62'], 12: ['Sat, Jan 30', ""Saint Joseph's"", 'N/A', 'W', '67', '50'], 13: ['Tue, Feb 2', 'Dayton', 'N/A', 'W', '69', '64'], 14: ['Sat, Feb 20', 'Richmond', 'N/A', 'L', '72', '79'], 15: ['Wed, Feb 24', 'La Salle', 'N/A', 'L', '65', '85'], 16: ['Sat, Feb 27', 'Rhode Island', 'N/A', 'W', '86', '75'], 17: ['Thu, Mar 4', 'Richmond', 'N/A', 'W', '67', '62'], 18: ['Fri, Mar 5', 'St. Bonaventure', 'N/A', 'L', '59', '75']}",0.4846135454958985
Fordham,33,2230,Rams,2,12,0.14285714285714285,"{1: ['Wed, Dec 30', 'George Washington', 'N/A', 'L', '47', '71'], 2: ['Sat, Jan 2', 'La Salle', 'N/A', 'L', '52', '89'], 3: ['Tue, Jan 5', 'Dayton', 'N/A', 'W', '55', '54'], 4: ['Sat, Jan 9', 'Duquesne', 'N/A', 'L', '45', '48'], 5: ['Wed, Jan 13', 'St. Bonaventure', 'N/A', 'L', '54', '68'], 6: ['Sun, Jan 17', 'UMass', 'N/A', 'L', '46', '65'], 7: ['Wed, Jan 20', 'Davidson', 'N/A', 'L', '58', '73'], 8: ['Sun, Jan 24', 'Rhode Island', 'N/A', 'L', '42', '52'], 9: ['Wed, Jan 27', 'Duquesne', 'N/A', 'L', '62', '86'], 10: ['Wed, Feb 3', 'UMass', 'N/A', 'L', '54', '60'], 11: ['Sat, Feb 6', 'La Salle', 'N/A', 'W', '76', '68'], 12: ['Wed, Feb 10', 'George Mason', 'N/A', 'L', '45', '77'], 13: ['Sat, Feb 13', 'Saint Louis', 'N/A', 'L', '40', '68'], 14: ['Wed, Mar 3', 'George Washington', 'N/A', 'L', '49', '53']}",0.4977589217505184
George Mason,34,2244,Patriots,13,9,0.5909090909090909,"{1: ['Thu, Nov 26', 'NC', 'N/A', 'W', '66', '65'], 2: ['Fri, Nov 27', 'Belmont', 'N/A', 'L', '67', '77'], 3: ['Sat, Nov 28', 'Howard', 'N/A', 'W', '84', '70'], 4: ['Mon, Dec 21', 'VMI', 'N/A', 'W', '68', '66'], 5: ['Wed, Dec 23', 'Towson', 'N/A', 'W', '70', '65'], 6: ['Sat, Dec 26', 'Norfolk State', 'N/A', 'L', '65', '68'], 7: ['Wed, Dec 30', 'UMass', 'N/A', 'W', '93', '92'], 8: ['Sat, Jan 2', 'Dayton', 'N/A', 'L', '65', '74'], 9: ['Wed, Jan 6', 'VCU', 'N/A', 'L', '61', '66'], 10: ['Sat, Jan 9', 'Richmond', 'N/A', 'L', '57', '77'], 11: ['Wed, Jan 13', 'La Salle', 'N/A', 'W', '75', '42'], 12: ['Sat, Jan 16', 'Rhode Island', 'N/A', 'L', '60', '80'], 13: ['Wed, Jan 20', ""Saint Joseph's"", 'N/A', 'W', '87', '85'], 14: ['Sat, Jan 23', ""Saint Joseph's"", 'N/A', 'W', '71', '62'], 15: ['Sat, Jan 30', 'St. Bonaventure', 'N/A', 'L', '67', '84'], 16: ['Fri, Feb 5', 'Dayton', 'N/A', 'L', '65', '74'], 17: ['Wed, Feb 10', 'Fordham', 'N/A', 'W', '77', '45'], 18: ['Sat, Feb 20', 'VCU', 'N/A', 'W', '79', '76'], 19: ['Wed, Feb 24', 'George Washington', 'N/A', 'W', '63', '58'], 20: ['Sat, Feb 27', 'La Salle', 'N/A', 'W', '89', '54'], 21: ['Thu, Mar 4', 'George Washington', 'N/A', 'W', '73', '59'], 22: ['Fri, Mar 5', 'Davidson', 'N/A', 'L', '67', '99']}",0.47375590070267953
George Washington,35,45,Colonials,5,12,0.29411764705882354,"{1: ['Wed, Nov 25', 'Navy', 'N/A', 'L', '71', '78'], 2: ['Tue, Dec 1', 'Hampton', 'N/A', 'L', '78', '82'], 3: ['Sat, Dec 5', 'Coppin State', 'N/A', 'W', '85', '69'], 4: ['Mon, Dec 7', 'UMBC', 'N/A', 'L', '81', '92'], 5: ['Fri, Dec 11', 'Delaware', 'N/A', 'L', '65', '68'], 6: ['Mon, Dec 14', 'William & Mary', 'N/A', 'L', '84', '85'], 7: ['Tue, Dec 22', 'Charlotte', 'N/A', 'L', '65', '66'], 8: ['Wed, Dec 30', 'Fordham', 'N/A', 'W', '71', '47'], 9: ['Sat, Jan 2', 'Duquesne', 'N/A', 'L', '63', '75'], 10: ['Sun, Jan 3', 'Duquesne', 'N/A', 'W', '75', '73'], 11: ['Wed, Jan 13', 'VCU', 'N/A', 'L', '77', '84'], 12: ['Sun, Jan 17', 'Dayton', 'N/A', 'L', '54', '67'], 13: ['Sun, Feb 21', 'Rhode Island', 'N/A', 'W', '78', '70'], 14: ['Wed, Feb 24', 'George Mason', 'N/A', 'L', '58', '63'], 15: ['Fri, Feb 26', 'St. Bonaventure', 'N/A', 'L', '41', '88'], 16: ['Wed, Mar 3', 'Fordham', 'N/A', 'W', '53', '49'], 17: ['Thu, Mar 4', 'George Mason', 'N/A', 'L', '59', '73']}",0.5021958753792665
La Salle,36,2325,Explorers,9,16,0.36,"{1: ['Thu, Nov 26', ""St. John's"", 'N/A', 'L', '65', '82'], 2: ['Fri, Nov 27', ""Saint Peter's"", 'N/A', 'L', '51', '62'], 3: ['Sun, Dec 6', 'Army', 'N/A', 'L', '59', '63'], 4: ['Tue, Dec 8', 'PA', 'N/A', 'W', '80', '62'], 5: ['Sat, Dec 12', 'Drexel', 'N/A', 'W', '58', '48'], 6: ['Wed, Dec 16', 'UMass', 'N/A', 'L', '66', '85'], 7: ['Sat, Dec 19', 'Delaware', 'N/A', 'W', '71', '61'], 8: ['Tue, Dec 22', 'Maryland', 'N/A', 'L', '71', '84'], 9: ['Wed, Dec 30', 'Dayton', 'N/A', 'W', '67', '65'], 10: ['Sat, Jan 2', 'Fordham', 'N/A', 'W', '89', '52'], 11: ['Sat, Jan 9', 'UMass', 'N/A', 'L', '67', '83'], 12: ['Wed, Jan 13', 'George Mason', 'N/A', 'L', '42', '75'], 13: ['Sat, Jan 16', 'Davidson', 'N/A', 'L', '53', '77'], 14: ['Mon, Jan 18', ""Saint Joseph's"", 'N/A', 'W', '90', '83'], 15: ['Sat, Jan 23', 'Richmond', 'N/A', 'W', '84', '78'], 16: ['Wed, Jan 27', 'Rhode Island', 'N/A', 'L', '60', '73'], 17: ['Sat, Jan 30', 'VCU', 'N/A', 'L', '62', '73'], 18: ['Wed, Feb 3', 'Saint Louis', 'N/A', 'W', '82', '75'], 19: ['Sat, Feb 6', 'Fordham', 'N/A', 'L', '68', '76'], 20: ['Tue, Feb 9', 'St. Bonaventure', 'N/A', 'L', '73', '86'], 21: ['Tue, Feb 16', 'Saint Louis', 'N/A', 'L', '57', '78'], 22: ['Sat, Feb 20', ""Saint Joseph's"", 'N/A', 'L', '82', '91'], 23: ['Wed, Feb 24', 'Duquesne', 'N/A', 'W', '85', '65'], 24: ['Sat, Feb 27', 'George Mason', 'N/A', 'L', '54', '89'], 25: ['Wed, Mar 3', ""Saint Joseph's"", 'N/A', 'L', '66', '72']}",0.506295895462562
Rhode Island,37,227,Rams,10,15,0.4,"{1: ['Wed, Nov 25', 'Arizona State', '18', 'L', '88', '94'], 2: ['Thu, Nov 26', 'Boston College', 'N/A', 'L', '64', '69'], 3: ['Sat, Nov 28', 'South Florida', 'N/A', 'W', '84', '68'], 4: ['Sun, Nov 29', 'San Francisco', 'N/A', 'W', '84', '71'], 5: ['Wed, Dec 2', 'Seton Hall', 'N/A', 'W', '76', '63'], 6: ['Wed, Dec 9', 'Wisconsin', '13', 'L', '62', '73'], 7: ['Sun, Dec 13', 'Western Kentucky', 'N/A', 'L', '65', '68'], 8: ['Fri, Dec 18', 'Davidson', 'N/A', 'L', '58', '67'], 9: ['Wed, Dec 30', 'St. Bonaventure', 'N/A', 'W', '63', '57'], 10: ['Sun, Jan 3', ""Saint Joseph's"", 'N/A', 'W', '85', '77'], 11: ['Wed, Jan 6', 'Richmond', 'N/A', 'L', '73', '80'], 12: ['Sat, Jan 9', 'VCU', 'N/A', 'W', '83', '68'], 13: ['Wed, Jan 13', 'UMass', 'N/A', 'L', '78', '80'], 14: ['Sat, Jan 16', 'George Mason', 'N/A', 'W', '80', '60'], 15: ['Wed, Jan 20', 'Duquesne', 'N/A', 'L', '69', '71'], 16: ['Sun, Jan 24', 'Fordham', 'N/A', 'W', '52', '42'], 17: ['Wed, Jan 27', 'La Salle', 'N/A', 'W', '73', '60'], 18: ['Sat, Jan 30', 'Dayton', 'N/A', 'L', '56', '67'], 19: ['Wed, Feb 3', 'VCU', 'N/A', 'L', '62', '63'], 20: ['Sat, Feb 6', 'UMass', 'N/A', 'L', '63', '75'], 21: ['Wed, Feb 10', 'Saint Louis', 'N/A', 'L', '60', '67'], 22: ['Tue, Feb 16', 'Dayton', 'N/A', 'W', '91', '89'], 23: ['Sun, Feb 21', 'George Washington', 'N/A', 'L', '70', '78'], 24: ['Sat, Feb 27', 'Duquesne', 'N/A', 'L', '75', '86'], 25: ['Thu, Mar 4', 'Dayton', 'N/A', 'L', '72', '84']}",0.5512022679857216
Richmond,38,257,Spiders,14,8,0.6363636363636364,"{1: ['Wed, Mar 17', 'Toledo', '3', 'W', '76', '66'], 2: ['Fri, Nov 27', 'Morehead State', 'N/A', 'W', '82', '64'], 3: ['Sun, Nov 29', 'Kentucky', '10', 'W', '76', '64'], 4: ['Mon, Dec 7', 'Wofford', 'N/A', 'W', '77', '72'], 5: ['Wed, Dec 9', 'Northern Iowa', 'N/A', 'W', '78', '68'], 6: ['Sun, Dec 13', 'West Virginia', '11', 'L', '71', '87'], 7: ['Wed, Dec 16', 'Vanderbilt', 'N/A', 'W', '78', '67'], 8: ['Fri, Dec 18', 'Loyola Chicago', 'N/A', 'W', '75', '73'], 9: ['Tue, Dec 22', 'Hofstra', 'N/A', 'L', '71', '76'], 10: ['Wed, Dec 30', 'Davidson', 'N/A', 'W', '80', '74'], 11: ['Sat, Jan 2', 'St. Bonaventure', 'N/A', 'L', '66', '69'], 12: ['Wed, Jan 6', 'Rhode Island', 'N/A', 'W', '80', '73'], 13: ['Sat, Jan 9', 'George Mason', 'N/A', 'W', '77', '57'], 14: ['Sat, Jan 23', 'La Salle', 'N/A', 'L', '78', '84'], 15: ['Tue, Jan 26', ""Saint Joseph's"", 'N/A', 'W', '79', '56'], 16: ['Sun, Feb 14', ""Mary's (MD)"", 'N/A', 'W', '90', '49'], 17: ['Wed, Feb 17', 'VCU', 'N/A', 'L', '56', '68'], 18: ['Sat, Feb 20', 'Duquesne', 'N/A', 'W', '79', '72'], 19: ['Tue, Feb 23', 'UMass', 'N/A', 'W', '79', '65'], 20: ['Fri, Feb 26', 'Saint Louis', 'N/A', 'L', '67', '72'], 21: ['Mon, Mar 1', ""Saint Joseph's"", 'N/A', 'L', '73', '76'], 22: ['Thu, Mar 4', 'Duquesne', 'N/A', 'L', '62', '67']}",0.6551151715743684
Saint Joseph's,39,2603,Hawks,5,15,0.25,"{1: ['Thu, Nov 26', 'Auburn', 'N/A', 'L', '91', '96'], 2: ['Fri, Nov 27', 'Kansas', '6', 'L', '72', '94'], 3: ['Thu, Dec 17', 'Drexel', 'N/A', 'L', '77', '81'], 4: ['Sat, Dec 19', 'Villanova', '7', 'L', '68', '88'], 5: ['Mon, Dec 21', 'Tennessee', '8', 'L', '66', '102'], 6: ['Wed, Dec 30', 'VCU', 'N/A', 'L', '64', '80'], 7: ['Sun, Jan 3', 'Rhode Island', 'N/A', 'L', '77', '85'], 8: ['Wed, Jan 6', 'St. Bonaventure', 'N/A', 'L', '57', '83'], 9: ['Sat, Jan 9', 'Albany', 'N/A', 'W', '67', '64'], 10: ['Tue, Jan 12', 'Davidson', 'N/A', 'L', '66', '80'], 11: ['Mon, Jan 18', 'La Salle', 'N/A', 'L', '83', '90'], 12: ['Wed, Jan 20', 'George Mason', 'N/A', 'L', '85', '87'], 13: ['Sat, Jan 23', 'George Mason', 'N/A', 'L', '62', '71'], 14: ['Tue, Jan 26', 'Richmond', 'N/A', 'L', '56', '79'], 15: ['Sat, Jan 30', 'Duquesne', 'N/A', 'L', '50', '67'], 16: ['Sat, Feb 20', 'La Salle', 'N/A', 'W', '91', '82'], 17: ['Wed, Feb 24', 'Dayton', 'N/A', 'W', '97', '84'], 18: ['Mon, Mar 1', 'Richmond', 'N/A', 'W', '76', '73'], 19: ['Wed, Mar 3', 'La Salle', 'N/A', 'W', '72', '66'], 20: ['Thu, Mar 4', 'UMass', 'N/A', 'L', '66', '100']}",0.6870254130330218
Saint Louis,40,139,Billikens,14,7,0.6666666666666666,"{1: ['Sat, Mar 20', 'Mississippi State', '4', 'L', '68', '74'], 2: ['Wed, Nov 25', 'SIU Edwardsville', 'N/A', 'W', '89', '52'], 3: ['Sat, Nov 28', 'LSU', 'N/A', 'W', '85', '81'], 4: ['Sat, Dec 5', 'Arkansas-Pine Bluff', 'N/A', 'W', '107', '54'], 5: ['Tue, Dec 8', 'Central Arkansas', 'N/A', 'W', '88', '65'], 6: ['Tue, Dec 15', 'Indiana State', 'N/A', 'W', '78', '59'], 7: ['Thu, Dec 17', 'NC State', 'N/A', 'W', '80', '69'], 8: ['Sun, Dec 20', 'Minnesota', 'N/A', 'L', '82', '90'], 9: ['Wed, Dec 23', 'UM Kansas City', 'N/A', 'W', '62', '46'], 10: ['Tue, Jan 26', 'Dayton', 'N/A', 'L', '71', '76'], 11: ['Wed, Feb 3', 'La Salle', 'N/A', 'L', '75', '82'], 12: ['Sat, Feb 6', 'St. Bonaventure', 'N/A', 'W', '70', '59'], 13: ['Wed, Feb 10', 'Rhode Island', 'N/A', 'W', '67', '60'], 14: ['Sat, Feb 13', 'Fordham', 'N/A', 'W', '68', '40'], 15: ['Tue, Feb 16', 'La Salle', 'N/A', 'W', '78', '57'], 16: ['Fri, Feb 19', 'Dayton', 'N/A', 'L', '53', '76'], 17: ['Tue, Feb 23', 'VCU', 'N/A', 'L', '65', '67'], 18: ['Fri, Feb 26', 'Richmond', 'N/A', 'W', '72', '67'], 19: ['Mon, Mar 1', 'UMass', 'N/A', 'W', '78', '57'], 20: ['Fri, Mar 5', 'UMass', 'N/A', 'W', '86', '72'], 21: ['Sat, Mar 6', 'St. Bonaventure', 'N/A', 'L', '53', '71']}",0.5418516461340763
St. Bonaventure,41,179,Bonnies,16,5,0.7619047619047619,"{1: ['Sat, Mar 20', 'LSU', '8', 'L', '61', '76'], 2: ['Tue, Dec 15', 'Akron', 'N/A', 'W', '81', '74'], 3: ['Sat, Dec 19', 'Hofstra', 'N/A', 'W', '77', '69'], 4: ['Wed, Dec 30', 'Rhode Island', 'N/A', 'L', '57', '63'], 5: ['Sat, Jan 2', 'Richmond', 'N/A', 'W', '69', '66'], 6: ['Wed, Jan 6', ""Saint Joseph's"", 'N/A', 'W', '83', '57'], 7: ['Wed, Jan 13', 'Fordham', 'N/A', 'W', '68', '54'], 8: ['Fri, Jan 15', 'Duquesne', 'N/A', 'W', '62', '48'], 9: ['Wed, Jan 20', 'VCU', 'N/A', 'W', '70', '54'], 10: ['Sat, Jan 23', 'Duquesne', 'N/A', 'W', '65', '61'], 11: ['Sat, Jan 30', 'George Mason', 'N/A', 'W', '84', '67'], 12: ['Sat, Feb 6', 'Saint Louis', 'N/A', 'L', '59', '70'], 13: ['Tue, Feb 9', 'La Salle', 'N/A', 'W', '86', '73'], 14: ['Fri, Feb 12', 'VCU', 'N/A', 'L', '64', '67'], 15: ['Sun, Feb 21', 'Davidson', 'N/A', 'W', '69', '58'], 16: ['Wed, Feb 24', 'Davidson', 'N/A', 'W', '56', '53'], 17: ['Fri, Feb 26', 'George Washington', 'N/A', 'W', '88', '41'], 18: ['Mon, Mar 1', 'Dayton', 'N/A', 'L', '52', '55'], 19: ['Fri, Mar 5', 'Duquesne', 'N/A', 'W', '75', '59'], 20: ['Sat, Mar 6', 'Saint Louis', 'N/A', 'W', '71', '53'], 21: ['Sun, Mar 14', 'VCU', 'N/A', 'W', '74', '65']}",0.5748479147478053
UMass,42,113,Minutemen,8,7,0.5333333333333333,"{1: ['Fri, Dec 11', 'Northeastern', 'N/A', 'W', '94', '79'], 2: ['Sun, Dec 13', 'Northeastern', 'N/A', 'L', '75', '78'], 3: ['Wed, Dec 16', 'La Salle', 'N/A', 'W', '85', '66'], 4: ['Mon, Dec 21', 'Bryant', 'N/A', 'L', '88', '93'], 5: ['Wed, Dec 30', 'George Mason', 'N/A', 'L', '92', '93'], 6: ['Sat, Jan 9', 'La Salle', 'N/A', 'W', '83', '67'], 7: ['Wed, Jan 13', 'Rhode Island', 'N/A', 'W', '80', '78'], 8: ['Sun, Jan 17', 'Fordham', 'N/A', 'W', '65', '46'], 9: ['Sun, Jan 24', 'Davidson', 'N/A', 'L', '60', '69'], 10: ['Wed, Feb 3', 'Fordham', 'N/A', 'W', '60', '54'], 11: ['Sat, Feb 6', 'Rhode Island', 'N/A', 'W', '75', '63'], 12: ['Tue, Feb 23', 'Richmond', 'N/A', 'L', '65', '79'], 13: ['Mon, Mar 1', 'Saint Louis', 'N/A', 'L', '57', '78'], 14: ['Thu, Mar 4', ""Saint Joseph's"", 'N/A', 'W', '100', '66'], 15: ['Fri, Mar 5', 'Saint Louis', 'N/A', 'L', '72', '86']}",0.4649431153641681
VCU,43,2670,Rams,19,8,0.7037037037037037,"{1: ['Sat, Mar 20', 'Oregon', '7', 'L', '', ''], 2: ['Wed, Nov 25', 'Utah State', 'N/A', 'W', '85', '69'], 3: ['Thu, Nov 26', 'West Virginia', '15', 'L', '66', '78'], 4: ['Fri, Nov 27', 'Memphis', 'N/A', 'W', '70', '59'], 5: ['Wed, Dec 2', 'Penn State', 'N/A', 'L', '69', '72'], 6: ['Sat, Dec 5', ""Mount St. Mary's"", 'N/A', 'W', '60', '42'], 7: ['Wed, Dec 9', 'North Carolina A&T', 'N/A', 'W', '95', '59'], 8: ['Sat, Dec 12', 'Old Dominion', 'N/A', 'W', '77', '54'], 9: ['Tue, Dec 15', 'Western Carolina', 'N/A', 'W', '93', '68'], 10: ['Tue, Dec 22', 'James Madison', 'N/A', 'W', '82', '81'], 11: ['Wed, Dec 30', ""Saint Joseph's"", 'N/A', 'W', '80', '64'], 12: ['Wed, Jan 6', 'George Mason', 'N/A', 'W', '66', '61'], 13: ['Sat, Jan 9', 'Rhode Island', 'N/A', 'L', '68', '83'], 14: ['Wed, Jan 13', 'George Washington', 'N/A', 'W', '84', '77'], 15: ['Wed, Jan 20', 'St. Bonaventure', 'N/A', 'L', '54', '70'], 16: ['Sat, Jan 23', 'Dayton', 'N/A', 'W', '66', '43'], 17: ['Sat, Jan 30', 'La Salle', 'N/A', 'W', '73', '62'], 18: ['Wed, Feb 3', 'Rhode Island', 'N/A', 'W', '63', '62'], 19: ['Tue, Feb 9', 'Dayton', 'N/A', 'W', '76', '67'], 20: ['Fri, Feb 12', 'St. Bonaventure', 'N/A', 'W', '67', '64'], 21: ['Wed, Feb 17', 'Richmond', 'N/A', 'W', '68', '56'], 22: ['Sat, Feb 20', 'George Mason', 'N/A', 'L', '76', '79'], 23: ['Tue, Feb 23', 'Saint Louis', 'N/A', 'W', '67', '65'], 24: ['Sat, Feb 27', 'Davidson', 'N/A', 'L', '57', '65'], 25: ['Fri, Mar 5', 'Dayton', 'N/A', 'W', '73', '68'], 26: ['Sat, Mar 6', 'Davidson', 'N/A', 'W', '64', '52'], 27: ['Sun, Mar 14', 'St. Bonaventure', 'N/A', 'L', '65', '74']}",0.5802556398666285
Boston College,44,103,Eagles,4,16,0.2,"{1: ['Wed, Nov 25', 'Villanova', '3', 'L', '67', '76'], 2: ['Thu, Nov 26', 'Rhode Island', 'N/A', 'W', '69', '64'], 3: ['Mon, Nov 30', ""St. John's"", 'N/A', 'L', '93', '97'], 4: ['Thu, Dec 3', 'Florida', 'N/A', 'L', '70', '90'], 5: ['Tue, Dec 8', 'Minnesota', 'N/A', 'L', '80', '85'], 6: ['Sat, Dec 12', 'Syracuse', 'N/A', 'L', '63', '101'], 7: ['Tue, Dec 22', 'Maine', 'N/A', 'W', '78', '62'], 8: ['Wed, Dec 30', 'NC State', 'N/A', 'L', '76', '79'], 9: ['Sat, Jan 2', 'Louisville', 'N/A', 'L', '64', '76'], 10: ['Wed, Jan 6', 'Duke', '21', 'L', '82', '83'], 11: ['Sat, Jan 9', 'Virginia', '22', 'L', '49', '61'], 12: ['Tue, Jan 12', 'Miami', 'N/A', 'W', '84', '62'], 13: ['Sat, Jan 16', 'Notre Dame', 'N/A', 'L', '70', '80'], 14: ['Sat, Feb 6', 'NC State', 'N/A', 'L', '65', '81'], 15: ['Wed, Feb 10', 'Wake Forest', 'N/A', 'L', '65', '69'], 16: ['Sat, Feb 13', 'Syracuse', 'N/A', 'L', '67', '75'], 17: ['Sat, Feb 27', 'Notre Dame', 'N/A', 'W', '94', '90'], 18: ['Wed, Mar 3', 'Florida State', '11', 'L', '64', '93'], 19: ['Fri, Mar 5', 'Miami', 'N/A', 'L', '76', '80'], 20: ['Tue, Mar 9', 'Duke', 'N/A', 'L', '51', '86']}",0.6310816711108316
Clemson,45,228,Tigers,16,8,0.6666666666666666,"{1: ['Fri, Mar 19', 'Rutgers', '10', 'L', '56', '60'], 2: ['Wed, Nov 25', 'Mississippi State', 'N/A', 'W', '53', '42'], 3: ['Thu, Nov 26', 'Purdue', 'N/A', 'W', '81', '70'], 4: ['Wed, Dec 2', 'South Carolina State', 'N/A', 'W', '75', '38'], 5: ['Wed, Dec 9', 'Maryland', 'N/A', 'W', '67', '51'], 6: ['Sat, Dec 12', 'Alabama', 'N/A', 'W', '64', '56'], 7: ['Tue, Dec 15', 'Virginia Tech', 'N/A', 'L', '60', '66'], 8: ['Mon, Dec 21', 'Morehead State', 'N/A', 'W', '66', '51'], 9: ['Tue, Dec 29', 'Florida State', '18', 'W', '77', '67'], 10: ['Sat, Jan 2', 'Miami', 'N/A', 'W', '66', '65'], 11: ['Tue, Jan 5', 'NC State', 'N/A', 'W', '74', '70'], 12: ['Sat, Jan 16', 'Virginia', '18', 'L', '50', '85'], 13: ['Wed, Jan 20', 'Georgia Tech', 'N/A', 'L', '65', '83'], 14: ['Sat, Jan 23', 'Florida State', 'N/A', 'L', '61', '80'], 15: ['Wed, Jan 27', 'Louisville', '25', 'W', '54', '50'], 16: ['Sat, Jan 30', 'Duke', 'N/A', 'L', '53', '79'], 17: ['Tue, Feb 2', 'North Carolina', 'N/A', 'W', '63', '50'], 18: ['Sat, Feb 6', 'Syracuse', 'N/A', 'W', '78', '61'], 19: ['Fri, Feb 12', 'Georgia Tech', 'N/A', 'W', '74', '72'], 20: ['Wed, Feb 24', 'Wake Forest', 'N/A', 'W', '60', '39'], 21: ['Sat, Feb 27', 'Miami', 'N/A', 'W', '66', '58'], 22: ['Wed, Mar 3', 'Syracuse', 'N/A', 'L', '54', '64'], 23: ['Sat, Mar 6', 'Pittsburgh', 'N/A', 'W', '77', '62'], 24: ['Wed, Mar 10', 'Miami', 'N/A', 'L', '64', '67']}",0.6310246564775671
Duke,46,150,Blue Devils,13,12,0.52,"{1: ['Sat, Nov 28', 'Coppin State', 'N/A', 'W', '81', '71'], 2: ['Tue, Dec 1', 'Michigan State', '8', 'L', '69', '75'], 3: ['Fri, Dec 4', 'Bellarmine', 'N/A', 'W', '76', '54'], 4: ['Tue, Dec 8', 'Illinois', '6', 'L', '68', '83'], 5: ['Wed, Dec 16', 'Notre Dame', 'N/A', 'W', '75', '65'], 6: ['Wed, Jan 6', 'Boston College', 'N/A', 'W', '83', '82'], 7: ['Sat, Jan 9', 'Wake Forest', 'N/A', 'W', '79', '68'], 8: ['Tue, Jan 12', 'Virginia Tech', '20', 'L', '67', '74'], 9: ['Tue, Jan 19', 'Pittsburgh', 'N/A', 'L', '73', '79'], 10: ['Sat, Jan 23', 'Louisville', 'N/A', 'L', '65', '70'], 11: ['Tue, Jan 26', 'Georgia Tech', 'N/A', 'W', '75', '68'], 12: ['Sat, Jan 30', 'Clemson', 'N/A', 'W', '79', '53'], 13: ['Mon, Feb 1', 'Miami', 'N/A', 'L', '75', '77'], 14: ['Sat, Feb 6', 'North Carolina', 'N/A', 'L', '87', '91'], 15: ['Tue, Feb 9', 'Notre Dame', 'N/A', 'L', '89', '93'], 16: ['Sat, Feb 13', 'NC State', 'N/A', 'W', '69', '53'], 17: ['Wed, Feb 17', 'Wake Forest', 'N/A', 'W', '84', '60'], 18: ['Sat, Feb 20', 'Virginia', '7', 'W', '66', '65'], 19: ['Mon, Feb 22', 'Syracuse', 'N/A', 'W', '85', '71'], 20: ['Sat, Feb 27', 'Louisville', 'N/A', 'L', '73', '80'], 21: ['Tue, Mar 2', 'Georgia Tech', 'N/A', 'L', '77', '81'], 22: ['Sat, Mar 6', 'North Carolina', 'N/A', 'L', '73', '91'], 23: ['Tue, Mar 9', 'Boston College', 'N/A', 'W', '86', '51'], 24: ['Wed, Mar 10', 'Louisville', 'N/A', 'W', '70', '56'], 25: ['Thu, Mar 11', 'Florida State', '15', 'L', '', '']}",0.6488761726744672
Florida State,47,52,Seminoles,18,6,0.75,"{1: ['Sat, Mar 20', 'UNC Greensboro', '13', 'W', '64', '54'], 2: ['Wed, Dec 2', 'North Florida', 'N/A', 'W', '86', '58'], 3: ['Wed, Dec 9', 'Indiana', 'N/A', 'W', '69', '67'], 4: ['Sat, Dec 12', 'Florida', 'N/A', 'W', '83', '71'], 5: ['Tue, Dec 15', 'Georgia Tech', 'N/A', 'W', '74', '61'], 6: ['Sat, Dec 19', 'UCF', 'N/A', 'L', '74', '86'], 7: ['Mon, Dec 21', 'Gardner-Webb', 'N/A', 'W', '72', '59'], 8: ['Tue, Dec 29', 'Clemson', 'N/A', 'L', '67', '77'], 9: ['Wed, Jan 13', 'NC State', 'N/A', 'W', '105', '73'], 10: ['Sat, Jan 16', 'North Carolina', 'N/A', 'W', '82', '75'], 11: ['Mon, Jan 18', 'Louisville', 'N/A', 'W', '78', '65'], 12: ['Sat, Jan 23', 'Clemson', '20', 'W', '80', '61'], 13: ['Wed, Jan 27', 'Miami', 'N/A', 'W', '81', '59'], 14: ['Sat, Jan 30', 'Georgia Tech', 'N/A', 'L', '65', '76'], 15: ['Sat, Feb 13', 'Wake Forest', 'N/A', 'W', '92', '85'], 16: ['Mon, Feb 15', 'Virginia', '7', 'W', '81', '60'], 17: ['Sat, Feb 20', 'Pittsburgh', 'N/A', 'W', '79', '72'], 18: ['Wed, Feb 24', 'Miami', 'N/A', 'W', '88', '71'], 19: ['Sat, Feb 27', 'North Carolina', 'N/A', 'L', '70', '78'], 20: ['Wed, Mar 3', 'Boston College', 'N/A', 'W', '93', '64'], 21: ['Sat, Mar 6', 'Notre Dame', 'N/A', 'L', '73', '83'], 22: ['Thu, Mar 11', 'Duke', 'N/A', 'W', '', ''], 23: ['Fri, Mar 12', 'North Carolina', 'N/A', 'W', '69', '66'], 24: ['Sat, Mar 13', 'Georgia Tech', 'N/A', 'L', '75', '80']}",0.6044670452010913
Georgia Tech,48,59,Yellow Jackets,18,9,0.6666666666666666,"{1: ['Fri, Mar 19', 'Loyola Chicago', '8', 'L', '60', '71'], 2: ['Wed, Nov 25', 'Georgia State', 'N/A', 'L', '120', '123'], 3: ['Fri, Nov 27', 'Mercer', 'N/A', 'L', '73', '83'], 4: ['Sun, Dec 6', 'Kentucky', '20', 'W', '79', '62'], 5: ['Wed, Dec 9', 'Nebraska', 'N/A', 'W', '75', '64'], 6: ['Tue, Dec 15', 'Florida State', '15', 'L', '61', '74'], 7: ['Fri, Dec 18', 'Florida A&M', 'N/A', 'W', '74', '64'], 8: ['Sun, Dec 20', 'Delaware State', 'N/A', 'W', '97', '69'], 9: ['Wed, Dec 30', 'North Carolina', 'N/A', 'W', '72', '67'], 10: ['Sun, Jan 3', 'Wake Forest', 'N/A', 'W', '70', '54'], 11: ['Wed, Jan 20', 'Clemson', '20', 'W', '83', '65'], 12: ['Sat, Jan 23', 'Virginia', '13', 'L', '62', '64'], 13: ['Tue, Jan 26', 'Duke', 'N/A', 'L', '68', '75'], 14: ['Sat, Jan 30', 'Florida State', '16', 'W', '76', '65'], 15: ['Mon, Feb 1', 'Louisville', 'N/A', 'L', '58', '74'], 16: ['Sat, Feb 6', 'Notre Dame', 'N/A', 'W', '82', '80'], 17: ['Wed, Feb 10', 'Virginia', '9', 'L', '49', '57'], 18: ['Fri, Feb 12', 'Clemson', 'N/A', 'L', '72', '74'], 19: ['Sun, Feb 14', 'Pittsburgh', 'N/A', 'W', '71', '65'], 20: ['Sat, Feb 20', 'Miami', 'N/A', 'W', '87', '60'], 21: ['Tue, Feb 23', 'Virginia Tech', '16', 'W', '69', '53'], 22: ['Sat, Feb 27', 'Syracuse', 'N/A', 'W', '84', '77'], 23: ['Tue, Mar 2', 'Duke', 'N/A', 'W', '81', '77'], 24: ['Fri, Mar 5', 'Wake Forest', 'N/A', 'W', '75', '63'], 25: ['Thu, Mar 11', 'Miami', 'N/A', 'W', '70', '66'], 26: ['Fri, Mar 12', 'Virginia', '16', 'W', '', ''], 27: ['Sat, Mar 13', 'Florida State', '15', 'W', '80', '75']}",0.7181047665629545
Louisville,49,97,Cardinals,13,7,0.65,"{1: ['Wed, Nov 25', 'Evansville', 'N/A', 'W', '79', '44'], 2: ['Fri, Nov 27', 'Seton Hall', 'N/A', 'W', '71', '70'], 3: ['Sun, Nov 29', 'Prairie View A&M', 'N/A', 'W', '86', '64'], 4: ['Tue, Dec 1', 'Western Kentucky', 'N/A', 'W', '75', '54'], 5: ['Sat, Dec 19', 'Wisconsin', '12', 'L', '48', '85'], 6: ['Tue, Dec 22', 'Pittsburgh', 'N/A', 'W', '64', '54'], 7: ['Sat, Dec 26', 'Kentucky', 'N/A', 'W', '62', '59'], 8: ['Sat, Jan 2', 'Boston College', 'N/A', 'W', '76', '64'], 9: ['Wed, Jan 6', 'Virginia Tech', '19', 'W', '73', '71'], 10: ['Wed, Jan 13', 'Wake Forest', 'N/A', 'W', '77', '65'], 11: ['Sat, Jan 16', 'Miami', 'N/A', 'L', '72', '78'], 12: ['Mon, Jan 18', 'Florida State', 'N/A', 'L', '65', '78'], 13: ['Sat, Jan 23', 'Duke', 'N/A', 'W', '70', '65'], 14: ['Wed, Jan 27', 'Clemson', 'N/A', 'L', '50', '54'], 15: ['Mon, Feb 1', 'Georgia Tech', 'N/A', 'W', '74', '58'], 16: ['Sat, Feb 20', 'North Carolina', 'N/A', 'L', '54', '99'], 17: ['Tue, Feb 23', 'Notre Dame', 'N/A', 'W', '69', '57'], 18: ['Sat, Feb 27', 'Duke', 'N/A', 'W', '80', '73'], 19: ['Sat, Mar 6', 'Virginia', '21', 'L', '58', '68'], 20: ['Wed, Mar 10', 'Duke', 'N/A', 'L', '56', '70']}",0.5916968662532621
Miami,50,2390,Hurricanes,10,17,0.3703703703703704,"{1: ['Sun, Nov 29', 'North Florida', 'N/A', 'W', '77', '59'], 2: ['Fri, Dec 4', 'Stetson', 'N/A', 'W', '82', '60'], 3: ['Tue, Dec 8', 'Purdue', 'N/A', 'W', '58', '54'], 4: ['Sat, Dec 12', 'Florida Gulf Coast', 'N/A', 'L', '62', '66'], 5: ['Wed, Dec 16', 'Pittsburgh', 'N/A', 'L', '55', '70'], 6: ['Sat, Dec 19', 'Jacksonville', 'N/A', 'W', '73', '64'], 7: ['Tue, Dec 29', 'Virginia Tech', '24', 'L', '78', '80'], 8: ['Sat, Jan 2', 'Clemson', 'N/A', 'L', '65', '66'], 9: ['Tue, Jan 5', 'North Carolina', 'N/A', 'L', '65', '67'], 10: ['Sat, Jan 9', 'NC State', 'N/A', 'W', '64', '59'], 11: ['Tue, Jan 12', 'Boston College', 'N/A', 'L', '62', '84'], 12: ['Sat, Jan 16', 'Louisville', '16', 'W', '78', '72'], 13: ['Tue, Jan 19', 'Syracuse', 'N/A', 'L', '57', '83'], 14: ['Sun, Jan 24', 'Notre Dame', 'N/A', 'L', '59', '73'], 15: ['Wed, Jan 27', 'Florida State', '16', 'L', '59', '81'], 16: ['Sat, Jan 30', 'Wake Forest', 'N/A', 'L', '54', '66'], 17: ['Mon, Feb 1', 'Duke', 'N/A', 'W', '77', '75'], 18: ['Sat, Feb 6', 'Virginia Tech', '16', 'L', '76', '80'], 19: ['Sun, Feb 14', 'Notre Dame', 'N/A', 'L', '61', '71'], 20: ['Sat, Feb 20', 'Georgia Tech', 'N/A', 'L', '60', '87'], 21: ['Wed, Feb 24', 'Florida State', '11', 'L', '71', '88'], 22: ['Sat, Feb 27', 'Clemson', 'N/A', 'L', '58', '66'], 23: ['Mon, Mar 1', 'Virginia', '21', 'L', '51', '62'], 24: ['Fri, Mar 5', 'Boston College', 'N/A', 'W', '80', '76'], 25: ['Tue, Mar 9', 'Pittsburgh', 'N/A', 'W', '79', '73'], 26: ['Wed, Mar 10', 'Clemson', 'N/A', 'W', '67', '64'], 27: ['Thu, Mar 11', 'Georgia Tech', 'N/A', 'L', '66', '70']}",0.6329818959675698
NC State,51,152,Wolfpack,14,10,0.5833333333333334,"{1: ['Thu, Mar 18', 'Davidson', '2', 'W', '75', '61'], 2: ['Wed, Nov 25', 'Charleston Southern', 'N/A', 'W', '95', '61'], 3: ['Fri, Nov 27', 'North Florida', 'N/A', 'W', '86', '51'], 4: ['Thu, Dec 3', 'UMass Lowell', 'N/A', 'W', '90', '59'], 5: ['Thu, Dec 17', 'Saint Louis', 'N/A', 'L', '69', '80'], 6: ['Sat, Dec 19', 'Campbell', 'N/A', 'W', '69', '50'], 7: ['Tue, Dec 22', 'North Carolina', '17', 'W', '79', '76'], 8: ['Wed, Dec 30', 'Boston College', 'N/A', 'W', '79', '76'], 9: ['Tue, Jan 5', 'Clemson', '19', 'L', '70', '74'], 10: ['Sat, Jan 9', 'Miami', 'N/A', 'L', '59', '64'], 11: ['Wed, Jan 13', 'Florida State', 'N/A', 'L', '73', '105'], 12: ['Sat, Jan 23', 'North Carolina', 'N/A', 'L', '76', '86'], 13: ['Wed, Jan 27', 'Wake Forest', 'N/A', 'W', '72', '67'], 14: ['Sun, Jan 31', 'Syracuse', 'N/A', 'L', '73', '76'], 15: ['Wed, Feb 3', 'Virginia', '14', 'L', '57', '64'], 16: ['Sat, Feb 6', 'Boston College', 'N/A', 'W', '81', '65'], 17: ['Tue, Feb 9', 'Syracuse', 'N/A', 'L', '68', '77'], 18: ['Sat, Feb 13', 'Duke', 'N/A', 'L', '53', '69'], 19: ['Wed, Feb 17', 'Pittsburgh', 'N/A', 'W', '74', '73'], 20: ['Sat, Feb 20', 'Wake Forest', 'N/A', 'W', '80', '62'], 21: ['Wed, Feb 24', 'Virginia', '15', 'W', '68', '61'], 22: ['Sun, Feb 28', 'Pittsburgh', 'N/A', 'W', '65', '62'], 23: ['Wed, Mar 3', 'Notre Dame', 'N/A', 'W', '80', '69'], 24: ['Wed, Mar 10', 'Syracuse', 'N/A', 'L', '68', '89']}",0.6182834831751622
North Carolina,52,153,Tar Heels,18,11,0.6206896551724138,"{1: ['Fri, Mar 19', 'Wisconsin', '9', 'L', '62', '85'], 2: ['Wed, Nov 25', 'Charleston', 'N/A', 'W', '79', '60'], 3: ['Mon, Nov 30', 'UNLV', 'N/A', 'W', '78', '51'], 4: ['Tue, Dec 1', 'Stanford', 'N/A', 'W', '67', '63'], 5: ['Wed, Dec 2', 'Texas', '17', 'L', '67', '69'], 6: ['Tue, Dec 8', 'Iowa', '3', 'L', '80', '93'], 7: ['Sat, Dec 12', 'North Carolina Central', 'N/A', 'W', '73', '67'], 8: ['Sat, Dec 19', 'Kentucky', 'N/A', 'W', '75', '63'], 9: ['Tue, Dec 22', 'NC State', 'N/A', 'L', '76', '79'], 10: ['Wed, Dec 30', 'Georgia Tech', 'N/A', 'L', '67', '72'], 11: ['Sat, Jan 2', 'Notre Dame', 'N/A', 'W', '66', '65'], 12: ['Tue, Jan 5', 'Miami', 'N/A', 'W', '67', '65'], 13: ['Tue, Jan 12', 'Syracuse', 'N/A', 'W', '81', '75'], 14: ['Sat, Jan 16', 'Florida State', 'N/A', 'L', '75', '82'], 15: ['Wed, Jan 20', 'Wake Forest', 'N/A', 'W', '80', '73'], 16: ['Sat, Jan 23', 'NC State', 'N/A', 'W', '86', '76'], 17: ['Tue, Jan 26', 'Pittsburgh', 'N/A', 'W', '75', '65'], 18: ['Tue, Feb 2', 'Clemson', 'N/A', 'L', '50', '63'], 19: ['Sat, Feb 6', 'Duke', 'N/A', 'W', '91', '87'], 20: ['Sat, Feb 13', 'Virginia', '9', 'L', '48', '60'], 21: ['Wed, Feb 17', 'Northeastern', 'N/A', 'W', '82', '62'], 22: ['Sat, Feb 20', 'Louisville', 'N/A', 'W', '99', '54'], 23: ['Wed, Feb 24', 'Marquette', 'N/A', 'L', '70', '83'], 24: ['Sat, Feb 27', 'Florida State', '11', 'W', '78', '70'], 25: ['Mon, Mar 1', 'Syracuse', 'N/A', 'L', '70', '72'], 26: ['Sat, Mar 6', 'Duke', 'N/A', 'W', '91', '73'], 27: ['Wed, Mar 10', 'Notre Dame', 'N/A', 'W', '101', '59'], 28: ['Thu, Mar 11', 'Virginia Tech', '22', 'W', '81', '73'], 29: ['Fri, Mar 12', 'Florida State', '15', 'L', '66', '69']}",0.7070726779914767
Notre Dame,53,87,Fighting Irish,11,15,0.4230769230769231,"{1: ['Sat, Nov 28', 'Michigan State', '13', 'L', '70', '80'], 2: ['Sun, Dec 6', 'Detroit Mercy', 'N/A', 'W', '78', '70'], 3: ['Tue, Dec 8', 'Ohio State', '22', 'L', '85', '90'], 4: ['Sat, Dec 12', 'Kentucky', 'N/A', 'W', '64', '63'], 5: ['Wed, Dec 16', 'Duke', '21', 'L', '65', '75'], 6: ['Sat, Dec 19', 'Purdue', 'N/A', 'L', '78', '88'], 7: ['Wed, Dec 23', 'Bellarmine', 'N/A', 'W', '81', '70'], 8: ['Wed, Dec 30', 'Virginia', '23', 'L', '57', '66'], 9: ['Sat, Jan 2', 'North Carolina', 'N/A', 'L', '65', '66'], 10: ['Sun, Jan 10', 'Virginia Tech', '19', 'L', '63', '77'], 11: ['Wed, Jan 13', 'Virginia', '18', 'L', '68', '80'], 12: ['Sat, Jan 16', 'Boston College', 'N/A', 'W', '80', '70'], 13: ['Sun, Jan 24', 'Miami', 'N/A', 'W', '73', '59'], 14: ['Wed, Jan 27', 'Virginia Tech', '20', 'L', '51', '62'], 15: ['Sat, Jan 30', 'Pittsburgh', 'N/A', 'W', '84', '58'], 16: ['Tue, Feb 2', 'Wake Forest', 'N/A', 'W', '79', '58'], 17: ['Sat, Feb 6', 'Georgia Tech', 'N/A', 'L', '80', '82'], 18: ['Tue, Feb 9', 'Duke', 'N/A', 'W', '93', '89'], 19: ['Sun, Feb 14', 'Miami', 'N/A', 'W', '71', '61'], 20: ['Sat, Feb 20', 'Syracuse', 'N/A', 'L', '67', '75'], 21: ['Tue, Feb 23', 'Louisville', 'N/A', 'L', '57', '69'], 22: ['Sat, Feb 27', 'Boston College', 'N/A', 'L', '90', '94'], 23: ['Wed, Mar 3', 'NC State', 'N/A', 'L', '69', '80'], 24: ['Sat, Mar 6', 'Florida State', '11', 'W', '83', '73'], 25: ['Tue, Mar 9', 'Wake Forest', 'N/A', 'W', '80', '77'], 26: ['Wed, Mar 10', 'North Carolina', 'N/A', 'L', '59', '101']}",0.6377878382641794
Pittsburgh,54,221,Panthers,10,12,0.4545454545454545,"{1: ['Wed, Nov 25', 'St. Francis (PA)', 'N/A', 'L', '70', '80'], 2: ['Sat, Nov 28', 'Drexel', 'N/A', 'W', '83', '74'], 3: ['Sat, Dec 5', 'Northern Illinois', 'N/A', 'W', '89', '59'], 4: ['Wed, Dec 9', 'Northwestern', 'N/A', 'W', '71', '70'], 5: ['Sat, Dec 12', 'Gardner-Webb', 'N/A', 'W', '67', '50'], 6: ['Wed, Dec 16', 'Miami', 'N/A', 'W', '70', '55'], 7: ['Tue, Dec 22', 'Louisville', 'N/A', 'L', '54', '64'], 8: ['Wed, Jan 6', 'Syracuse', 'N/A', 'W', '63', '60'], 9: ['Sat, Jan 16', 'Syracuse', 'N/A', 'W', '96', '76'], 10: ['Tue, Jan 19', 'Duke', 'N/A', 'W', '79', '73'], 11: ['Sat, Jan 23', 'Wake Forest', 'N/A', 'L', '75', '76'], 12: ['Tue, Jan 26', 'North Carolina', 'N/A', 'L', '65', '75'], 13: ['Sat, Jan 30', 'Notre Dame', 'N/A', 'L', '58', '84'], 14: ['Wed, Feb 3', 'Virginia Tech', '16', 'W', '83', '72'], 15: ['Sat, Feb 6', 'Virginia', '14', 'L', '66', '73'], 16: ['Sun, Feb 14', 'Georgia Tech', 'N/A', 'L', '65', '71'], 17: ['Wed, Feb 17', 'NC State', 'N/A', 'L', '73', '74'], 18: ['Sat, Feb 20', 'Florida State', '16', 'L', '72', '79'], 19: ['Sun, Feb 28', 'NC State', 'N/A', 'L', '62', '65'], 20: ['Tue, Mar 2', 'Wake Forest', 'N/A', 'W', '70', '57'], 21: ['Sat, Mar 6', 'Clemson', 'N/A', 'L', '62', '77'], 22: ['Tue, Mar 9', 'Miami', 'N/A', 'L', '73', '79']}",0.5770054547522787
Syracuse,55,183,Orange,18,9,0.6666666666666666,"{1: ['Fri, Mar 19', 'San Diego State', '6', 'W', '78', '62'], 2: ['Sun, Mar 21', 'West Virginia', '3', 'W', '75', '72'], 3: ['Fri, Nov 27', 'Bryant', 'N/A', 'W', '85', '84'], 4: ['Thu, Dec 3', 'Niagara', 'N/A', 'W', '75', '45'], 5: ['Sat, Dec 5', 'Rider', 'N/A', 'W', '87', '52'], 6: ['Tue, Dec 8', 'Rutgers', '21', 'L', '69', '79'], 7: ['Sat, Dec 12', 'Boston College', 'N/A', 'W', '101', '63'], 8: ['Wed, Dec 16', 'Northeastern', 'N/A', 'W', '62', '56'], 9: ['Sat, Dec 19', 'Buffalo', 'N/A', 'W', '107', '96'], 10: ['Wed, Jan 6', 'Pittsburgh', 'N/A', 'L', '60', '63'], 11: ['Sat, Jan 9', 'Georgetown', 'N/A', 'W', '74', '69'], 12: ['Tue, Jan 12', 'North Carolina', 'N/A', 'L', '75', '81'], 13: ['Sat, Jan 16', 'Pittsburgh', 'N/A', 'L', '76', '96'], 14: ['Tue, Jan 19', 'Miami', 'N/A', 'W', '83', '57'], 15: ['Sat, Jan 23', 'Virginia Tech', '16', 'W', '78', '60'], 16: ['Mon, Jan 25', 'Virginia', '8', 'L', '58', '81'], 17: ['Sun, Jan 31', 'NC State', 'N/A', 'W', '76', '73'], 18: ['Sat, Feb 6', 'Clemson', 'N/A', 'L', '61', '78'], 19: ['Tue, Feb 9', 'NC State', 'N/A', 'W', '77', '68'], 20: ['Sat, Feb 13', 'Boston College', 'N/A', 'W', '75', '67'], 21: ['Sat, Feb 20', 'Notre Dame', 'N/A', 'W', '75', '67'], 22: ['Mon, Feb 22', 'Duke', 'N/A', 'L', '71', '85'], 23: ['Sat, Feb 27', 'Georgia Tech', 'N/A', 'L', '77', '84'], 24: ['Mon, Mar 1', 'North Carolina', 'N/A', 'W', '72', '70'], 25: ['Wed, Mar 3', 'Clemson', 'N/A', 'W', '64', '54'], 26: ['Wed, Mar 10', 'NC State', 'N/A', 'W', '89', '68'], 27: ['Thu, Mar 11', 'Virginia', '16', 'L', '69', '72']}",0.6898153972632464
Virginia,56,258,Cavaliers,18,8,0.6923076923076923,"{1: ['Sat, Mar 20', 'Ohio', '13', 'L', '58', '62'], 2: ['Wed, Nov 25', 'Towson', 'N/A', 'W', '89', '54'], 3: ['Fri, Nov 27', 'San Francisco', 'N/A', 'L', '60', '61'], 4: ['Tue, Dec 1', 'St. Francis (PA)', 'N/A', 'W', '76', '51'], 5: ['Fri, Dec 4', 'Kent State', 'N/A', 'W', '71', '64'], 6: ['Tue, Dec 22', 'William & Mary', 'N/A', 'W', '76', '40'], 7: ['Sat, Dec 26', 'Gonzaga', '1', 'L', '75', '98'], 8: ['Wed, Dec 30', 'Notre Dame', 'N/A', 'W', '66', '57'], 9: ['Wed, Jan 6', 'Wake Forest', 'N/A', 'W', '70', '61'], 10: ['Sat, Jan 9', 'Boston College', 'N/A', 'W', '61', '49'], 11: ['Wed, Jan 13', 'Notre Dame', 'N/A', 'W', '80', '68'], 12: ['Sat, Jan 16', 'Clemson', '12', 'W', '85', '50'], 13: ['Sat, Jan 23', 'Georgia Tech', 'N/A', 'W', '64', '62'], 14: ['Mon, Jan 25', 'Syracuse', 'N/A', 'W', '81', '58'], 15: ['Sat, Jan 30', 'Virginia Tech', '20', 'L', '51', '65'], 16: ['Wed, Feb 3', 'NC State', 'N/A', 'W', '64', '57'], 17: ['Sat, Feb 6', 'Pittsburgh', 'N/A', 'W', '73', '66'], 18: ['Wed, Feb 10', 'Georgia Tech', 'N/A', 'W', '57', '49'], 19: ['Sat, Feb 13', 'North Carolina', 'N/A', 'W', '60', '48'], 20: ['Mon, Feb 15', 'Florida State', '16', 'L', '60', '81'], 21: ['Sat, Feb 20', 'Duke', 'N/A', 'L', '65', '66'], 22: ['Wed, Feb 24', 'NC State', 'N/A', 'L', '61', '68'], 23: ['Mon, Mar 1', 'Miami', 'N/A', 'W', '62', '51'], 24: ['Sat, Mar 6', 'Louisville', 'N/A', 'W', '68', '58'], 25: ['Thu, Mar 11', 'Syracuse', 'N/A', 'W', '72', '69'], 26: ['Fri, Mar 12', 'Georgia Tech', 'N/A', 'L', '', '']}",0.6626210491198479
Virginia Tech,57,259,Hokies,15,7,0.6818181818181818,"{1: ['Fri, Mar 19', 'Florida', '7', 'L', '70', '75'], 2: ['Wed, Nov 25', 'Radford', 'N/A', 'W', '77', '62'], 3: ['Sat, Nov 28', 'Villanova', '3', 'W', '81', '73'], 4: ['Sun, Nov 29', 'South Florida', 'N/A', 'W', '76', '58'], 5: ['Thu, Dec 3', 'VMI', 'N/A', 'W', '64', '57'], 6: ['Tue, Dec 8', 'Penn State', 'N/A', 'L', '55', '75'], 7: ['Tue, Dec 15', 'Clemson', '24', 'W', '66', '60'], 8: ['Sat, Dec 19', 'Coppin State', 'N/A', 'W', '97', '57'], 9: ['Mon, Dec 21', 'Longwood', 'N/A', 'W', '84', '58'], 10: ['Tue, Dec 29', 'Miami', 'N/A', 'W', '80', '78'], 11: ['Wed, Jan 6', 'Louisville', 'N/A', 'L', '71', '73'], 12: ['Sun, Jan 10', 'Notre Dame', 'N/A', 'W', '77', '63'], 13: ['Tue, Jan 12', 'Duke', '19', 'W', '74', '67'], 14: ['Sun, Jan 17', 'Wake Forest', 'N/A', 'W', '64', '60'], 15: ['Sat, Jan 23', 'Syracuse', 'N/A', 'L', '60', '78'], 16: ['Wed, Jan 27', 'Notre Dame', 'N/A', 'W', '62', '51'], 17: ['Sat, Jan 30', 'Virginia', '8', 'W', '65', '51'], 18: ['Wed, Feb 3', 'Pittsburgh', 'N/A', 'L', '72', '83'], 19: ['Sat, Feb 6', 'Miami', 'N/A', 'W', '80', '76'], 20: ['Tue, Feb 23', 'Georgia Tech', 'N/A', 'L', '53', '69'], 21: ['Sat, Feb 27', 'Wake Forest', 'N/A', 'W', '84', '46'], 22: ['Thu, Mar 11', 'North Carolina', 'N/A', 'L', '73', '81']}",0.6469241441575503
Wake Forest,58,154,Demon Deacons,6,16,0.2727272727272727,"{1: ['Wed, Nov 25', 'Delaware State', 'N/A', 'W', '111', '51'], 2: ['Fri, Nov 27', 'Longwood', 'N/A', 'W', '71', '60'], 3: ['Thu, Dec 31', '', 'N/A', 'W', '70', '62'], 4: ['Sun, Jan 3', 'Georgia Tech', 'N/A', 'L', '54', '70'], 5: ['Wed, Jan 6', 'Virginia', '22', 'L', '61', '70'], 6: ['Sat, Jan 9', 'Duke', '21', 'L', '68', '79'], 7: ['Wed, Jan 13', 'Louisville', '16', 'L', '65', '77'], 8: ['Sun, Jan 17', 'Virginia Tech', '20', 'L', '60', '64'], 9: ['Wed, Jan 20', 'North Carolina', 'N/A', 'L', '73', '80'], 10: ['Sat, Jan 23', 'Pittsburgh', 'N/A', 'W', '76', '75'], 11: ['Wed, Jan 27', 'NC State', 'N/A', 'L', '67', '72'], 12: ['Sat, Jan 30', 'Miami', 'N/A', 'W', '66', '54'], 13: ['Tue, Feb 2', 'Notre Dame', 'N/A', 'L', '58', '79'], 14: ['Wed, Feb 10', 'Boston College', 'N/A', 'W', '69', '65'], 15: ['Sat, Feb 13', 'Florida State', '17', 'L', '85', '92'], 16: ['Wed, Feb 17', 'Duke', 'N/A', 'L', '60', '84'], 17: ['Sat, Feb 20', 'NC State', 'N/A', 'L', '62', '80'], 18: ['Wed, Feb 24', 'Clemson', 'N/A', 'L', '39', '60'], 19: ['Sat, Feb 27', 'Virginia Tech', '16', 'L', '46', '84'], 20: ['Tue, Mar 2', 'Pittsburgh', 'N/A', 'L', '57', '70'], 21: ['Fri, Mar 5', 'Georgia Tech', 'N/A', 'L', '63', '75'], 22: ['Tue, Mar 9', 'Notre Dame', 'N/A', 'L', '77', '80']}",0.6253038889910378
Baylor,59,239,Bears,24,2,0.9230769230769232,"{1: ['Fri, Mar 19', 'Hartford', '16', 'W', '79', '55'], 2: ['Sun, Mar 21', 'Wisconsin', '9', 'W', '76', '63'], 3: ['Sat, Nov 28', 'Louisiana', 'N/A', 'W', '112', '82'], 4: ['Sun, Nov 29', 'Washington', 'N/A', 'W', '86', '52'], 5: ['Wed, Dec 2', 'Illinois', '5', 'W', '82', '69'], 6: ['Wed, Dec 9', 'Stephen F. Austin', 'N/A', 'W', '83', '52'], 7: ['Sat, Dec 19', 'Kansas State', 'N/A', 'W', '100', '69'], 8: ['Mon, Dec 21', 'Arkansas-Pine Bluff', 'N/A', 'W', '99', '42'], 9: ['Tue, Dec 29', 'Central Arkansas', 'N/A', 'W', '93', '56'], 10: ['Wed, Dec 30', 'Alcorn State', 'N/A', 'W', '105', '76'], 11: ['Sat, Jan 2', 'Iowa State', 'N/A', 'W', '76', '65'], 12: ['Wed, Jan 6', 'Oklahoma', 'N/A', 'W', '76', '61'], 13: ['Sat, Jan 9', 'TCU', 'N/A', 'W', '67', '49'], 14: ['Sat, Jan 16', 'Texas Tech', '15', 'W', '68', '60'], 15: ['Mon, Jan 18', 'Kansas', '9', 'W', '77', '69'], 16: ['Sat, Jan 23', 'Oklahoma State', 'N/A', 'W', '81', '66'], 17: ['Wed, Jan 27', 'Kansas State', 'N/A', 'W', '107', '59'], 18: ['Sat, Jan 30', 'Auburn', 'N/A', 'W', '84', '72'], 19: ['Tue, Feb 2', 'Texas', '6', 'W', '83', '69'], 20: ['Tue, Feb 23', 'Iowa State', 'N/A', 'W', '77', '72'], 21: ['Sat, Feb 27', 'Kansas', '17', 'L', '58', '71'], 22: ['Tue, Mar 2', 'West Virginia', '6', 'W', '94', '89'], 23: ['Thu, Mar 4', 'Oklahoma State', '17', 'W', '81', '70'], 24: ['Sun, Mar 7', 'Texas Tech', '18', 'W', '88', '73'], 25: ['Thu, Mar 11', 'Kansas State', 'N/A', 'W', '74', '68'], 26: ['Fri, Mar 12', 'Oklahoma State', '12', 'L', '74', '83']}",0.7682837332350196
Iowa State,60,66,Cyclones,2,22,0.08333333333333333,"{1: ['Sun, Nov 29', 'Arkansas-Pine Bluff', 'N/A', 'W', '80', '63'], 2: ['Wed, Dec 2', 'South Dakota State', 'N/A', 'L', '68', '71'], 3: ['Fri, Dec 11', 'Iowa', '3', 'L', '77', '105'], 4: ['Tue, Dec 15', 'Kansas State', 'N/A', 'L', '65', '74'], 5: ['Fri, Dec 18', 'West Virginia', '8', 'L', '65', '70'], 6: ['Sun, Dec 20', 'Jackson State', 'N/A', 'W', '60', '45'], 7: ['Sat, Jan 2', 'Baylor', '2', 'L', '65', '76'], 8: ['Tue, Jan 5', 'Texas', '4', 'L', '72', '78'], 9: ['Sat, Jan 9', 'Texas Tech', '18', 'L', '64', '91'], 10: ['Mon, Jan 25', 'Oklahoma State', 'N/A', 'L', '60', '81'], 11: ['Sat, Jan 30', 'Mississippi State', 'N/A', 'L', '56', '95'], 12: ['Tue, Feb 2', 'West Virginia', '17', 'L', '72', '76'], 13: ['Sat, Feb 6', 'Oklahoma', '9', 'L', '72', '79'], 14: ['Tue, Feb 9', 'TCU', 'N/A', 'L', '76', '79'], 15: ['Thu, Feb 11', 'Kansas', 'N/A', 'L', '64', '97'], 16: ['Sat, Feb 13', 'Kansas', 'N/A', 'L', '50', '64'], 17: ['Tue, Feb 16', 'Oklahoma State', 'N/A', 'L', '58', '76'], 18: ['Sat, Feb 20', 'Oklahoma', '9', 'L', '56', '66'], 19: ['Tue, Feb 23', 'Baylor', '2', 'L', '72', '77'], 20: ['Sat, Feb 27', 'TCU', 'N/A', 'L', '72', '76'], 21: ['Tue, Mar 2', 'Texas', '15', 'L', '67', '81'], 22: ['Thu, Mar 4', 'Texas Tech', '18', 'L', '54', '81'], 23: ['Sat, Mar 6', 'Kansas State', 'N/A', 'L', '56', '61'], 24: ['Wed, Mar 10', 'Oklahoma', '25', 'L', '73', '79']}",0.9525679669322846
Kansas,61,2305,Jayhawks,21,9,0.7,"{1: ['Sat, Mar 20', 'Eastern Washington', '14', 'W', '93', '84'], 2: ['Thu, Nov 26', 'Gonzaga', '1', 'L', '90', '102'], 3: ['Fri, Nov 27', ""Saint Joseph's"", 'N/A', 'W', '94', '72'], 4: ['Tue, Dec 1', 'Kentucky', '20', 'W', '65', '62'], 5: ['Thu, Dec 3', '', 'N/A', 'W', '89', '54'], 6: ['Sat, Dec 5', 'North Dakota State', 'N/A', 'W', '65', '61'], 7: ['Tue, Dec 8', 'Creighton', '8', 'W', '73', '72'], 8: ['Fri, Dec 11', 'Omaha', 'N/A', 'W', '95', '50'], 9: ['Thu, Dec 17', 'Texas Tech', '14', 'W', '58', '57'], 10: ['Tue, Dec 22', 'West Virginia', '7', 'W', '79', '65'], 11: ['Sat, Jan 2', 'Texas', '8', 'L', '59', '84'], 12: ['Tue, Jan 5', 'TCU', 'N/A', 'W', '93', '64'], 13: ['Sat, Jan 9', 'Oklahoma', 'N/A', 'W', '63', '59'], 14: ['Tue, Jan 12', 'Oklahoma State', 'N/A', 'L', '70', '75'], 15: ['Mon, Jan 18', 'Baylor', '2', 'L', '69', '77'], 16: ['Sat, Jan 23', 'Oklahoma', 'N/A', 'L', '68', '75'], 17: ['Thu, Jan 28', 'TCU', 'N/A', 'W', '59', '51'], 18: ['Sat, Jan 30', 'Tennessee', '18', 'L', '61', '80'], 19: ['Tue, Feb 2', 'Kansas State', 'N/A', 'W', '74', '51'], 20: ['Sat, Feb 6', 'West Virginia', '17', 'L', '79', '91'], 21: ['Mon, Feb 8', 'Oklahoma State', '23', 'W', '78', '66'], 22: ['Thu, Feb 11', 'Iowa State', 'N/A', 'W', '97', '64'], 23: ['Sat, Feb 13', 'Iowa State', 'N/A', 'W', '64', '50'], 24: ['Wed, Feb 17', 'Kansas State', 'N/A', 'W', '59', '41'], 25: ['Sat, Feb 20', 'Texas Tech', '15', 'W', '67', '61'], 26: ['Tue, Feb 23', 'Texas', '14', 'L', '72', '75'], 27: ['Sat, Feb 27', 'Baylor', '2', 'W', '71', '58'], 28: ['Thu, Mar 4', 'UTEP', 'N/A', 'W', '67', '62'], 29: ['Thu, Mar 11', 'Oklahoma', '25', 'W', '69', '62'], 30: ['Fri, Mar 12', 'Texas', '13', 'L', '', '']}",0.880083542347089
Kansas State,62,2306,Wildcats,9,20,0.3103448275862069,"{1: ['Wed, Nov 25', 'Drake', 'N/A', 'L', '70', '80'], 2: ['Fri, Nov 27', 'Colorado', 'N/A', 'L', '58', '76'], 3: ['Mon, Nov 30', 'UM Kansas City', 'N/A', 'W', '62', '58'], 4: ['Sat, Dec 5', 'UNLV', 'N/A', 'L', '58', '68'], 5: ['Tue, Dec 8', 'Hays State', 'N/A', 'L', '68', '81'], 6: ['Fri, Dec 11', 'Milwaukee', 'N/A', 'W', '76', '75'], 7: ['Tue, Dec 15', 'Iowa State', 'N/A', 'W', '74', '65'], 8: ['Sat, Dec 19', 'Baylor', '2', 'L', '69', '100'], 9: ['Mon, Dec 21', 'Jacksonville', 'N/A', 'W', '70', '46'], 10: ['Tue, Dec 29', 'Omaha', 'N/A', 'W', '60', '58'], 11: ['Sat, Jan 2', 'TCU', 'N/A', 'L', '60', '67'], 12: ['Tue, Jan 5', 'Texas Tech', '18', 'L', '71', '82'], 13: ['Sat, Jan 9', 'Oklahoma State', 'N/A', 'L', '54', '70'], 14: ['Sat, Jan 16', 'Texas', '4', 'L', '67', '82'], 15: ['Tue, Jan 19', 'Oklahoma', 'N/A', 'L', '50', '76'], 16: ['Sat, Jan 23', 'West Virginia', '14', 'L', '47', '69'], 17: ['Wed, Jan 27', 'Baylor', '2', 'L', '59', '107'], 18: ['Sat, Jan 30', 'Texas A&M', 'N/A', 'L', '61', '68'], 19: ['Tue, Feb 2', 'Kansas', '23', 'L', '51', '74'], 20: ['Sat, Feb 6', 'Texas Tech', '13', 'L', '62', '73'], 21: ['Tue, Feb 9', 'Texas', '13', 'L', '77', '80'], 22: ['Sat, Feb 13', 'Oklahoma State', '23', 'L', '60', '67'], 23: ['Wed, Feb 17', 'Kansas', '23', 'L', '41', '59'], 24: ['Sat, Feb 20', 'TCU', 'N/A', 'W', '62', '54'], 25: ['Tue, Feb 23', 'Oklahoma', '7', 'W', '62', '57'], 26: ['Sat, Feb 27', 'West Virginia', '10', 'L', '43', '65'], 27: ['Sat, Mar 6', 'Iowa State', 'N/A', 'W', '61', '56'], 28: ['Wed, Mar 10', 'TCU', 'N/A', 'W', '71', '50'], 29: ['Thu, Mar 11', 'Baylor', '2', 'L', '68', '74']}",0.8755928446873148
Oklahoma,63,201,Sooners,16,10,0.6153846153846154,"{1: ['Sat, Mar 20', 'Missouri', '9', 'W', '72', '68'], 2: ['Thu, Dec 3', 'UTSA', 'N/A', 'W', '105', '66'], 3: ['Sun, Dec 6', 'TCU', 'N/A', 'W', '82', '78'], 4: ['Wed, Dec 9', 'Xavier', 'N/A', 'L', '77', '99'], 5: ['Sat, Dec 12', 'Florida A&M', 'N/A', 'W', '85', '54'], 6: ['Wed, Dec 16', 'Oral Roberts', 'N/A', 'W', '79', '65'], 7: ['Sat, Dec 19', 'Houston Baptist', 'N/A', 'W', '84', '65'], 8: ['Tue, Dec 22', 'Texas Tech', '15', 'L', '67', '69'], 9: ['Sat, Jan 2', 'West Virginia', '9', 'W', '75', '71'], 10: ['Wed, Jan 6', 'Baylor', '2', 'L', '61', '76'], 11: ['Sat, Jan 9', 'Kansas', '6', 'L', '59', '63'], 12: ['Tue, Jan 12', 'TCU', 'N/A', 'W', '82', '46'], 13: ['Tue, Jan 19', 'Kansas State', 'N/A', 'W', '76', '50'], 14: ['Sat, Jan 23', 'Kansas', '9', 'W', '75', '68'], 15: ['Tue, Jan 26', 'Texas', '5', 'W', '80', '79'], 16: ['Sat, Jan 30', 'Alabama', '9', 'W', '66', '61'], 17: ['Mon, Feb 1', 'Texas Tech', '13', 'L', '52', '57'], 18: ['Sat, Feb 6', 'Iowa State', 'N/A', 'W', '79', '72'], 19: ['Sat, Feb 13', 'West Virginia', '14', 'W', '91', '90'], 20: ['Sat, Feb 20', 'Iowa State', 'N/A', 'W', '66', '56'], 21: ['Tue, Feb 23', 'Kansas State', 'N/A', 'L', '57', '62'], 22: ['Sat, Feb 27', 'Oklahoma State', 'N/A', 'L', '90', '94'], 23: ['Mon, Mar 1', 'Oklahoma State', '17', 'L', '75', '79'], 24: ['Thu, Mar 4', 'Texas', '15', 'L', '65', '69'], 25: ['Wed, Mar 10', 'Iowa State', 'N/A', 'W', '79', '73'], 26: ['Thu, Mar 11', 'Kansas', '11', 'L', '62', '69']}",0.8888019801456095
Oklahoma State,64,197,Cowboys,21,8,0.7241379310344828,"{1: ['Fri, Mar 19', 'Liberty', '13', 'W', '69', '60'], 2: ['Wed, Nov 25', 'UT Arlington', 'N/A', 'W', '75', '68'], 3: ['Sat, Nov 28', 'Texas Southern', 'N/A', 'W', '85', '65'], 4: ['Tue, Dec 1', 'Marquette', 'N/A', 'W', '70', '62'], 5: ['Sat, Dec 5', 'Oakland', 'N/A', 'W', '84', '71'], 6: ['Tue, Dec 8', 'Oral Roberts', 'N/A', 'W', '83', '78'], 7: ['Sat, Dec 12', 'Wichita State', 'N/A', 'W', '67', '64'], 8: ['Wed, Dec 16', 'TCU', 'N/A', 'L', '76', '77'], 9: ['Sun, Dec 20', 'Texas', '11', 'L', '74', '77'], 10: ['Sat, Jan 2', 'Texas Tech', '13', 'W', '82', '77'], 11: ['Mon, Jan 4', 'West Virginia', '14', 'L', '84', '87'], 12: ['Sat, Jan 9', 'Kansas State', 'N/A', 'W', '70', '54'], 13: ['Tue, Jan 12', 'Kansas', '6', 'W', '75', '70'], 14: ['Sat, Jan 23', 'Baylor', '2', 'L', '66', '81'], 15: ['Mon, Jan 25', 'Iowa State', 'N/A', 'W', '81', '60'], 16: ['Sat, Jan 30', 'Arkansas', 'N/A', 'W', '81', '77'], 17: ['Wed, Feb 3', 'TCU', 'N/A', 'L', '78', '81'], 18: ['Sat, Feb 6', 'Texas', '6', 'W', '75', '67'], 19: ['Mon, Feb 8', 'Kansas', 'N/A', 'L', '66', '78'], 20: ['Sat, Feb 13', 'Kansas State', 'N/A', 'W', '67', '60'], 21: ['Tue, Feb 16', 'Iowa State', 'N/A', 'W', '76', '58'], 22: ['Mon, Feb 22', 'Texas Tech', '18', 'W', '74', '69'], 23: ['Sat, Feb 27', 'Oklahoma', '7', 'W', '94', '90'], 24: ['Mon, Mar 1', 'Oklahoma', '16', 'W', '79', '75'], 25: ['Thu, Mar 4', 'Baylor', '3', 'L', '70', '81'], 26: ['Sat, Mar 6', 'West Virginia', '6', 'W', '85', '80'], 27: ['Thu, Mar 11', 'West Virginia', '10', 'W', '72', '69'], 28: ['Fri, Mar 12', 'Baylor', '2', 'W', '83', '74'], 29: ['Sat, Mar 13', 'Texas', '13', 'L', '86', '91']}",0.9808800131035565
TCU,65,2628,Horned Frogs,12,14,0.4615384615384616,"{1: ['Wed, Nov 25', 'Houston Baptist', 'N/A', 'W', '69', '45'], 2: ['Sat, Nov 28', 'Tulsa', 'N/A', 'W', '70', '65'], 3: ['Sun, Nov 29', 'Liberty', 'N/A', 'W', '56', '52'], 4: ['Thu, Dec 3', 'Northwestern State', 'N/A', 'W', '74', '68'], 5: ['Sun, Dec 6', 'Oklahoma', 'N/A', 'L', '78', '82'], 6: ['Wed, Dec 9', 'Providence', 'N/A', 'L', '70', '79'], 7: ['Sat, Dec 12', 'Texas A&M', 'N/A', 'W', '73', '55'], 8: ['Wed, Dec 16', 'Oklahoma State', 'N/A', 'W', '77', '76'], 9: ['Tue, Dec 22', 'North Dakota State', 'N/A', 'W', '89', '82'], 10: ['Wed, Dec 30', 'Prairie View A&M', 'N/A', 'W', '66', '61'], 11: ['Sat, Jan 2', 'Kansas State', 'N/A', 'W', '67', '60'], 12: ['Tue, Jan 5', 'Kansas', '6', 'L', '64', '93'], 13: ['Sat, Jan 9', 'Baylor', '2', 'L', '49', '67'], 14: ['Tue, Jan 12', 'Oklahoma', 'N/A', 'L', '46', '82'], 15: ['Thu, Jan 28', 'Kansas', '15', 'L', '51', '59'], 16: ['Sat, Jan 30', 'Missouri', '12', 'L', '98', '102'], 17: ['Wed, Feb 3', 'Oklahoma State', 'N/A', 'W', '81', '78'], 18: ['Tue, Feb 9', 'Iowa State', 'N/A', 'W', '79', '76'], 19: ['Sat, Feb 13', 'Texas', '13', 'L', '55', '70'], 20: ['Sat, Feb 20', 'Kansas State', 'N/A', 'L', '54', '62'], 21: ['Tue, Feb 23', 'West Virginia', '10', 'L', '66', '74'], 22: ['Sat, Feb 27', 'Iowa State', 'N/A', 'W', '76', '72'], 23: ['Tue, Mar 2', 'Texas Tech', '18', 'L', '49', '69'], 24: ['Thu, Mar 4', 'West Virginia', '6', 'L', '67', '76'], 25: ['Sun, Mar 7', 'Texas', '15', 'L', '64', '76'], 26: ['Wed, Mar 10', 'Kansas State', 'N/A', 'L', '50', '71']}",0.7790535814087883
Texas,66,251,Longhorns,20,8,0.7142857142857143,"{1: ['Sat, Mar 20', 'Abilene Christian', '14', 'L', '52', '53'], 2: ['Wed, Nov 25', 'UT Rio Grande Valley', 'N/A', 'W', '91', '55'], 3: ['Mon, Nov 30', 'Davidson', 'N/A', 'W', '78', '76'], 4: ['Tue, Dec 1', 'Indiana', 'N/A', 'W', '66', '44'], 5: ['Wed, Dec 2', 'North Carolina', '14', 'W', '69', '67'], 6: ['Sun, Dec 6', 'Villanova', '12', 'L', '64', '68'], 7: ['Wed, Dec 9', 'Texas State', 'N/A', 'W', '74', '53'], 8: ['Wed, Dec 16', 'Sam Houston State', 'N/A', 'W', '79', '63'], 9: ['Sun, Dec 20', 'Oklahoma State', 'N/A', 'W', '77', '74'], 10: ['Sat, Jan 2', 'Kansas', '3', 'W', '84', '59'], 11: ['Tue, Jan 5', 'Iowa State', 'N/A', 'W', '78', '72'], 12: ['Sat, Jan 9', 'West Virginia', '14', 'W', '72', '70'], 13: ['Wed, Jan 13', 'Texas Tech', '15', 'L', '77', '79'], 14: ['Sat, Jan 16', 'Kansas State', 'N/A', 'W', '82', '67'], 15: ['Tue, Jan 26', 'Oklahoma', '24', 'L', '79', '80'], 16: ['Tue, Feb 2', 'Baylor', '2', 'L', '69', '83'], 17: ['Sat, Feb 6', 'Oklahoma State', 'N/A', 'L', '67', '75'], 18: ['Tue, Feb 9', 'Kansas State', 'N/A', 'W', '80', '77'], 19: ['Sat, Feb 13', 'TCU', 'N/A', 'W', '70', '55'], 20: ['Sat, Feb 20', 'West Virginia', '13', 'L', '82', '84'], 21: ['Tue, Feb 23', 'Kansas', '17', 'W', '75', '72'], 22: ['Sat, Feb 27', 'Texas Tech', '18', 'L', '59', '68'], 23: ['Tue, Mar 2', 'Iowa State', 'N/A', 'W', '81', '67'], 24: ['Thu, Mar 4', 'Oklahoma', '16', 'W', '69', '65'], 25: ['Sun, Mar 7', 'TCU', 'N/A', 'W', '76', '64'], 26: ['Thu, Mar 11', 'Texas Tech', '20', 'W', '67', '66'], 27: ['Fri, Mar 12', 'Kansas', '11', 'W', '', ''], 28: ['Sat, Mar 13', 'Oklahoma State', '12', 'W', '91', '86']}",0.8597658928340078
Texas Tech,67,2641,Red Raiders,18,11,0.6206896551724138,"{1: ['Fri, Mar 19', 'Utah State', '11', 'W', '65', '53'], 2: ['Sun, Mar 21', 'Arkansas', '3', 'L', '66', '68'], 3: ['Wed, Nov 25', 'Northwestern State', 'N/A', 'W', '101', '58'], 4: ['Fri, Nov 27', 'Sam Houston State', 'N/A', 'W', '84', '52'], 5: ['Sun, Nov 29', 'Houston', '17', 'L', '53', '64'], 6: ['Fri, Dec 4', 'Troy', 'N/A', 'W', '80', '46'], 7: ['Sun, Dec 6', 'Grambling', 'N/A', 'W', '81', '40'], 8: ['Wed, Dec 9', 'Abilene Christian', 'N/A', 'W', '51', '44'], 9: ['Sat, Dec 12', 'Texas A&M-CC', 'N/A', 'W', '77', '57'], 10: ['Thu, Dec 17', 'Kansas', '5', 'L', '57', '58'], 11: ['Tue, Dec 22', 'Oklahoma', 'N/A', 'W', '69', '67'], 12: ['Tue, Dec 29', 'Incarnate Word', 'N/A', 'W', '79', '51'], 13: ['Sat, Jan 2', 'Oklahoma State', 'N/A', 'L', '77', '82'], 14: ['Tue, Jan 5', 'Kansas State', 'N/A', 'W', '82', '71'], 15: ['Sat, Jan 9', 'Iowa State', 'N/A', 'W', '91', '64'], 16: ['Wed, Jan 13', 'Texas', '4', 'W', '79', '77'], 17: ['Sat, Jan 16', 'Baylor', '2', 'L', '60', '68'], 18: ['Mon, Jan 25', 'West Virginia', '11', 'L', '87', '88'], 19: ['Sat, Jan 30', 'LSU', 'N/A', 'W', '76', '71'], 20: ['Mon, Feb 1', 'Oklahoma', '9', 'W', '57', '52'], 21: ['Sat, Feb 6', 'Kansas State', 'N/A', 'W', '73', '62'], 22: ['Tue, Feb 9', 'West Virginia', '14', 'L', '71', '82'], 23: ['Sat, Feb 20', 'Kansas', '23', 'L', '61', '67'], 24: ['Mon, Feb 22', 'Oklahoma State', 'N/A', 'L', '69', '74'], 25: ['Sat, Feb 27', 'Texas', '14', 'W', '68', '59'], 26: ['Tue, Mar 2', 'TCU', 'N/A', 'W', '69', '49'], 27: ['Thu, Mar 4', 'Iowa State', 'N/A', 'W', '81', '54'], 28: ['Sun, Mar 7', 'Baylor', '3', 'L', '73', '88'], 29: ['Thu, Mar 11', 'Texas', '13', 'L', '66', '67']}",0.9056631347249657
West Virginia,68,277,Mountaineers,19,10,0.6551724137931034,"{1: ['Fri, Mar 19', 'Morehead State', '14', 'W', '84', '67'], 2: ['Sun, Mar 21', 'Syracuse', '11', 'L', '72', '75'], 3: ['Wed, Nov 25', 'South Dakota State', 'N/A', 'W', '79', '71'], 4: ['Thu, Nov 26', 'VCU', 'N/A', 'W', '78', '66'], 5: ['Fri, Nov 27', 'Western Kentucky', 'N/A', 'W', '70', '64'], 6: ['Wed, Dec 2', 'Gonzaga', '1', 'L', '82', '87'], 7: ['Sun, Dec 6', 'Georgetown', 'N/A', 'W', '80', '71'], 8: ['Fri, Dec 11', 'North Texas', 'N/A', 'W', '62', '50'], 9: ['Sun, Dec 13', 'Richmond', '19', 'W', '87', '71'], 10: ['Fri, Dec 18', 'Iowa State', 'N/A', 'W', '70', '65'], 11: ['Tue, Dec 22', 'Kansas', '3', 'L', '65', '79'], 12: ['Tue, Dec 29', 'Northeastern', 'N/A', 'W', '73', '51'], 13: ['Sat, Jan 2', 'Oklahoma', 'N/A', 'L', '71', '75'], 14: ['Mon, Jan 4', 'Oklahoma State', 'N/A', 'W', '87', '84'], 15: ['Sat, Jan 9', 'Texas', '4', 'L', '70', '72'], 16: ['Sat, Jan 23', 'Kansas State', 'N/A', 'W', '69', '47'], 17: ['Mon, Jan 25', 'Texas Tech', '10', 'W', '88', '87'], 18: ['Sat, Jan 30', 'Florida', 'N/A', 'L', '80', '85'], 19: ['Tue, Feb 2', 'Iowa State', 'N/A', 'W', '76', '72'], 20: ['Sat, Feb 6', 'Kansas', '23', 'W', '91', '79'], 21: ['Tue, Feb 9', 'Texas Tech', '7', 'W', '82', '71'], 22: ['Sat, Feb 13', 'Oklahoma', '12', 'L', '90', '91'], 23: ['Sat, Feb 20', 'Texas', '12', 'W', '84', '82'], 24: ['Tue, Feb 23', 'TCU', 'N/A', 'W', '74', '66'], 25: ['Sat, Feb 27', 'Kansas State', 'N/A', 'W', '65', '43'], 26: ['Tue, Mar 2', 'Baylor', '3', 'L', '89', '94'], 27: ['Thu, Mar 4', 'TCU', 'N/A', 'W', '76', '67'], 28: ['Sat, Mar 6', 'Oklahoma State', '17', 'L', '80', '85'], 29: ['Thu, Mar 11', 'Oklahoma State', '12', 'L', '69', '72']}",0.9352740707393182
Butler,69,2086,Bulldogs,10,15,0.4,"{1: ['Wed, Nov 25', 'Western Michigan', 'N/A', 'W', '66', '62'], 2: ['Wed, Dec 16', 'Villanova', '7', 'L', '66', '85'], 3: ['Sat, Dec 19', 'Indiana', 'N/A', 'L', '60', '68'], 4: ['Mon, Dec 21', 'Southern Illinois', 'N/A', 'L', '73', '76'], 5: ['Wed, Dec 23', 'Providence', 'N/A', 'W', '70', '64'], 6: ['Wed, Dec 30', 'Providence', 'N/A', 'L', '55', '71'], 7: ['Sat, Jan 2', 'Seton Hall', 'N/A', 'L', '60', '68'], 8: ['Wed, Jan 6', 'Georgetown', 'N/A', 'W', '63', '55'], 9: ['Sat, Jan 9', 'UConn', 'N/A', 'L', '60', '72'], 10: ['Tue, Jan 12', ""St. John's"", 'N/A', 'L', '57', '69'], 11: ['Sat, Jan 16', 'Creighton', '8', 'W', '70', '66'], 12: ['Tue, Jan 19', 'DePaul', 'N/A', 'W', '67', '53'], 13: ['Tue, Jan 26', 'UConn', 'N/A', 'L', '51', '63'], 14: ['Sat, Jan 30', 'Xavier', 'N/A', 'L', '55', '68'], 15: ['Tue, Feb 2', 'Marquette', 'N/A', 'L', '67', '70'], 16: ['Sat, Feb 6', 'DePaul', 'N/A', 'W', '68', '58'], 17: ['Tue, Feb 9', ""St. John's"", 'N/A', 'W', '76', '73'], 18: ['Sat, Feb 13', 'Georgetown', 'N/A', 'L', '63', '78'], 19: ['Wed, Feb 17', 'Marquette', 'N/A', 'L', '57', '73'], 20: ['Sun, Feb 21', 'Xavier', 'N/A', 'L', '51', '63'], 21: ['Wed, Feb 24', 'Seton Hall', 'N/A', 'W', '61', '52'], 22: ['Sun, Feb 28', 'Villanova', '8', 'W', '73', '61'], 23: ['Sat, Mar 6', 'Creighton', '14', 'L', '73', '93'], 24: ['Wed, Mar 10', 'Xavier', 'N/A', 'W', '70', '69'], 25: ['Thu, Mar 11', 'Creighton', '17', 'L', '56', '87']}",0.6804697785854197
Creighton,70,156,Bluejays,21,8,0.7241379310344828,"{1: ['Sat, Mar 20', 'UC Santa Barbara', '12', 'W', '63', '62'], 2: ['Sun, Nov 29', 'North Dakota State', 'N/A', 'W', '69', '58'], 3: ['Tue, Dec 1', 'Omaha', 'N/A', 'W', '94', '67'], 4: ['Fri, Dec 4', 'Kennesaw State', 'N/A', 'W', '93', '58'], 5: ['Tue, Dec 8', 'Kansas', '5', 'L', '72', '73'], 6: ['Fri, Dec 11', 'Nebraska', 'N/A', 'W', '98', '74'], 7: ['Mon, Dec 14', 'Marquette', 'N/A', 'L', '84', '89'], 8: ['Thu, Dec 17', ""St. John's"", 'N/A', 'W', '94', '76'], 9: ['Sun, Dec 20', 'UConn', 'N/A', 'W', '76', '74'], 10: ['Wed, Dec 23', 'Xavier', '22', 'W', '66', '61'], 11: ['Sat, Jan 2', 'Providence', 'N/A', 'W', '67', '65'], 12: ['Wed, Jan 6', 'Seton Hall', 'N/A', 'W', '89', '53'], 13: ['Sat, Jan 9', ""St. John's"", 'N/A', 'W', '97', '79'], 14: ['Sat, Jan 16', 'Butler', 'N/A', 'L', '66', '70'], 15: ['Wed, Jan 20', 'Providence', 'N/A', 'L', '70', '74'], 16: ['Sat, Jan 23', 'UConn', '23', 'W', '74', '66'], 17: ['Wed, Jan 27', 'Seton Hall', 'N/A', 'W', '85', '81'], 18: ['Sat, Jan 30', 'DePaul', 'N/A', 'W', '69', '62'], 19: ['Wed, Feb 3', 'Georgetown', 'N/A', 'L', '79', '86'], 20: ['Sat, Feb 6', 'Marquette', 'N/A', 'W', '71', '68'], 21: ['Tue, Feb 9', 'Georgetown', 'N/A', 'W', '63', '48'], 22: ['Sat, Feb 13', 'Villanova', '5', 'W', '86', '70'], 23: ['Wed, Feb 24', 'DePaul', 'N/A', 'W', '77', '53'], 24: ['Sat, Feb 27', 'Xavier', 'N/A', 'L', '69', '77'], 25: ['Wed, Mar 3', 'Villanova', '10', 'L', '60', '72'], 26: ['Sat, Mar 6', 'Butler', 'N/A', 'W', '93', '73'], 27: ['Thu, Mar 11', 'Butler', 'N/A', 'W', '87', '56'], 28: ['Fri, Mar 12', 'UConn', 'N/A', 'W', '59', '56'], 29: ['Sat, Mar 13', 'Georgetown', 'N/A', 'L', '48', '73']}",0.6309773029107835
DePaul,71,305,Blue Demons,5,14,0.2631578947368421,"{1: ['Wed, Dec 23', 'Western Illinois', 'N/A', 'W', '91', '72'], 2: ['Sun, Dec 27', 'Providence', 'N/A', 'L', '90', '95'], 3: ['Wed, Dec 30', 'UConn', 'N/A', 'L', '61', '82'], 4: ['Sat, Jan 9', 'Seton Hall', 'N/A', 'L', '68', '76'], 5: ['Mon, Jan 11', 'UConn', '25', 'L', '53', '60'], 6: ['Sat, Jan 16', 'Valparaiso', 'N/A', 'W', '77', '58'], 7: ['Tue, Jan 19', 'Butler', 'N/A', 'L', '53', '67'], 8: ['Sat, Jan 23', 'Marquette', 'N/A', 'W', '68', '61'], 9: ['Wed, Jan 27', ""St. John's"", 'N/A', 'L', '68', '81'], 10: ['Sat, Jan 30', 'Creighton', '17', 'L', '62', '69'], 11: ['Sat, Feb 6', 'Butler', 'N/A', 'L', '58', '68'], 12: ['Sat, Feb 13', 'Providence', 'N/A', 'L', '47', '57'], 13: ['Wed, Feb 17', 'Seton Hall', 'N/A', 'L', '52', '60'], 14: ['Sat, Feb 20', ""St. John's"", 'N/A', 'W', '88', '83'], 15: ['Wed, Feb 24', 'Creighton', '13', 'L', '53', '77'], 16: ['Sat, Feb 27', 'Georgetown', 'N/A', 'L', '60', '68'], 17: ['Tue, Mar 2', 'Marquette', 'N/A', 'L', '71', '77'], 18: ['Wed, Mar 10', 'Providence', 'N/A', 'W', '70', '62'], 19: ['Thu, Mar 11', 'UConn', 'N/A', 'L', '60', '94']}",0.5830161821952242
Georgetown,72,46,Hoyas,13,13,0.5,"{1: ['Sat, Mar 20', 'Colorado', '5', 'L', '73', '96'], 2: ['Wed, Nov 25', 'UMBC', 'N/A', 'W', '70', '62'], 3: ['Tue, Dec 1', 'Navy', 'N/A', 'L', '71', '78'], 4: ['Sun, Dec 6', 'West Virginia', '11', 'L', '71', '80'], 5: ['Tue, Dec 8', 'Coppin State', 'N/A', 'W', '80', '48'], 6: ['Fri, Dec 11', 'Villanova', '9', 'L', '63', '76'], 7: ['Sun, Dec 13', ""St. John's"", 'N/A', 'W', '97', '94'], 8: ['Sun, Dec 20', ""St. John's"", 'N/A', 'L', '83', '94'], 9: ['Wed, Dec 23', 'Seton Hall', 'N/A', 'L', '67', '78'], 10: ['Sat, Jan 2', 'Marquette', 'N/A', 'L', '60', '64'], 11: ['Wed, Jan 6', 'Butler', 'N/A', 'L', '55', '63'], 12: ['Sat, Jan 9', 'Syracuse', 'N/A', 'L', '69', '74'], 13: ['Sat, Jan 30', 'Providence', 'N/A', 'W', '73', '72'], 14: ['Wed, Feb 3', 'Creighton', '15', 'W', '86', '79'], 15: ['Sun, Feb 7', 'Villanova', '3', 'L', '74', '84'], 16: ['Tue, Feb 9', 'Creighton', '19', 'L', '48', '63'], 17: ['Sat, Feb 13', 'Butler', 'N/A', 'W', '78', '63'], 18: ['Sat, Feb 20', 'Seton Hall', 'N/A', 'W', '81', '75'], 19: ['Tue, Feb 23', 'UConn', 'N/A', 'L', '57', '70'], 20: ['Sat, Feb 27', 'DePaul', 'N/A', 'W', '68', '60'], 21: ['Tue, Mar 2', 'Xavier', 'N/A', 'W', '72', '66'], 22: ['Sat, Mar 6', 'UConn', 'N/A', 'L', '82', '98'], 23: ['Wed, Mar 10', 'Marquette', 'N/A', 'W', '68', '49'], 24: ['Thu, Mar 11', 'Villanova', '14', 'W', '72', '71'], 25: ['Fri, Mar 12', 'Seton Hall', 'N/A', 'W', '66', '58'], 26: ['Sat, Mar 13', 'Creighton', '17', 'W', '73', '48']}",0.7940869595300529
Marquette,73,269,Golden Eagles,13,14,0.4814814814814815,"{1: ['Wed, Nov 25', 'Arkansas-Pine Bluff', 'N/A', 'W', '99', '57'], 2: ['Fri, Nov 27', 'Eastern Illinois', 'N/A', 'W', '75', '50'], 3: ['Tue, Dec 1', 'Oklahoma State', 'N/A', 'L', '62', '70'], 4: ['Fri, Dec 4', 'Wisconsin', '4', 'W', '67', '65'], 5: ['Tue, Dec 8', 'Green Bay', 'N/A', 'W', '82', '68'], 6: ['Fri, Dec 11', 'UCLA', 'N/A', 'L', '60', '69'], 7: ['Mon, Dec 14', 'Creighton', '9', 'W', '89', '84'], 8: ['Thu, Dec 17', 'Seton Hall', 'N/A', 'L', '63', '70'], 9: ['Sun, Dec 20', 'Xavier', 'N/A', 'L', '88', '91'], 10: ['Wed, Dec 23', 'Villanova', '5', 'L', '68', '85'], 11: ['Sat, Jan 2', 'Georgetown', 'N/A', 'W', '64', '60'], 12: ['Tue, Jan 5', 'UConn', 'N/A', 'L', '54', '65'], 13: ['Tue, Jan 12', 'Providence', 'N/A', 'W', '79', '69'], 14: ['Sat, Jan 16', ""St. John's"", 'N/A', 'W', '73', '71'], 15: ['Sat, Jan 23', 'DePaul', 'N/A', 'L', '61', '68'], 16: ['Wed, Jan 27', 'Providence', 'N/A', 'L', '63', '72'], 17: ['Sun, Jan 31', ""St. John's"", 'N/A', 'L', '73', '75'], 18: ['Tue, Feb 2', 'Butler', 'N/A', 'W', '70', '67'], 19: ['Sat, Feb 6', 'Creighton', '15', 'L', '68', '71'], 20: ['Wed, Feb 10', 'Villanova', '5', 'L', '64', '96'], 21: ['Sun, Feb 14', 'Seton Hall', 'N/A', 'L', '51', '57'], 22: ['Wed, Feb 17', 'Butler', 'N/A', 'W', '73', '57'], 23: ['Wed, Feb 24', 'North Carolina', 'N/A', 'W', '83', '70'], 24: ['Sat, Feb 27', 'UConn', 'N/A', 'L', '62', '80'], 25: ['Tue, Mar 2', 'DePaul', 'N/A', 'W', '77', '71'], 26: ['Sat, Mar 6', 'Xavier', 'N/A', 'W', '66', '59'], 27: ['Wed, Mar 10', 'Georgetown', 'N/A', 'L', '49', '68']}",0.6845516784042321
Providence,74,2507,Friars,13,13,0.5,"{1: ['Wed, Nov 25', 'Fairfield', 'N/A', 'W', '97', '56'], 2: ['Mon, Nov 30', 'Indiana', 'N/A', 'L', '58', '79'], 3: ['Tue, Dec 1', 'Davidson', 'N/A', 'W', '63', '62'], 4: ['Wed, Dec 2', 'Alabama', 'N/A', 'L', '71', '88'], 5: ['Sat, Dec 5', 'Fairleigh Dickinson', 'N/A', 'W', '79', '67'], 6: ['Wed, Dec 9', 'TCU', 'N/A', 'W', '79', '70'], 7: ['Sun, Dec 20', 'Seton Hall', 'N/A', 'W', '80', '77'], 8: ['Wed, Dec 23', 'Butler', 'N/A', 'L', '64', '70'], 9: ['Sun, Dec 27', 'DePaul', 'N/A', 'W', '95', '90'], 10: ['Wed, Dec 30', 'Butler', 'N/A', 'W', '71', '55'], 11: ['Sat, Jan 2', 'Creighton', '11', 'L', '65', '67'], 12: ['Sun, Jan 10', 'Xavier', 'N/A', 'L', '73', '74'], 13: ['Tue, Jan 12', 'Marquette', 'N/A', 'L', '69', '79'], 14: ['Wed, Jan 20', 'Creighton', '11', 'W', '74', '70'], 15: ['Sat, Jan 23', 'Villanova', '3', 'L', '56', '71'], 16: ['Wed, Jan 27', 'Marquette', 'N/A', 'W', '72', '63'], 17: ['Sat, Jan 30', 'Georgetown', 'N/A', 'L', '72', '73'], 18: ['Wed, Feb 3', 'Seton Hall', 'N/A', 'L', '43', '60'], 19: ['Sat, Feb 6', ""St. John's"", 'N/A', 'L', '81', '92'], 20: ['Wed, Feb 10', 'UConn', 'N/A', 'W', '70', '59'], 21: ['Sat, Feb 13', 'DePaul', 'N/A', 'W', '57', '47'], 22: ['Tue, Feb 16', 'UConn', 'N/A', 'L', '61', '73'], 23: ['Wed, Feb 24', 'Xavier', 'N/A', 'W', '83', '68'], 24: ['Wed, Mar 3', ""St. John's"", 'N/A', 'L', '67', '81'], 25: ['Sat, Mar 6', 'Villanova', '10', 'W', '54', '52'], 26: ['Wed, Mar 10', 'DePaul', 'N/A', 'L', '62', '70']}",0.6472443325145263
Seton Hall,75,2550,Pirates,14,13,0.5185185185185185,"{1: ['Fri, Nov 27', 'Louisville', 'N/A', 'L', '70', '71'], 2: ['Mon, Nov 30', 'Iona', 'N/A', 'W', '86', '64'], 3: ['Wed, Dec 2', 'Rhode Island', 'N/A', 'L', '63', '76'], 4: ['Fri, Dec 4', 'Oregon', '21', 'L', '70', '83'], 5: ['Sun, Dec 6', 'Penn State', 'N/A', 'W', '98', '92'], 6: ['Tue, Dec 8', 'Wagner', 'N/A', 'W', '78', '45'], 7: ['Fri, Dec 11', ""St. John's"", 'N/A', 'W', '77', '68'], 8: ['Thu, Dec 17', 'Marquette', 'N/A', 'W', '70', '63'], 9: ['Sun, Dec 20', 'Providence', 'N/A', 'L', '77', '80'], 10: ['Wed, Dec 23', 'Georgetown', 'N/A', 'W', '78', '67'], 11: ['Wed, Dec 30', 'Xavier', 'N/A', 'W', '85', '68'], 12: ['Sat, Jan 2', 'Butler', 'N/A', 'W', '68', '60'], 13: ['Wed, Jan 6', 'Creighton', '7', 'L', '53', '89'], 14: ['Sat, Jan 9', 'DePaul', 'N/A', 'W', '76', '68'], 15: ['Tue, Jan 19', 'Villanova', '3', 'L', '74', '76'], 16: ['Wed, Jan 27', 'Creighton', '17', 'L', '81', '85'], 17: ['Sat, Jan 30', 'Villanova', '3', 'L', '72', '80'], 18: ['Wed, Feb 3', 'Providence', 'N/A', 'W', '60', '43'], 19: ['Sat, Feb 6', 'UConn', 'N/A', 'W', '80', '73'], 20: ['Sun, Feb 14', 'Marquette', 'N/A', 'W', '57', '51'], 21: ['Wed, Feb 17', 'DePaul', 'N/A', 'W', '60', '52'], 22: ['Sat, Feb 20', 'Georgetown', 'N/A', 'L', '75', '81'], 23: ['Wed, Feb 24', 'Butler', 'N/A', 'L', '52', '61'], 24: ['Wed, Mar 3', 'UConn', 'N/A', 'L', '58', '69'], 25: ['Sat, Mar 6', ""St. John's"", 'N/A', 'L', '71', '81'], 26: ['Thu, Mar 11', ""St. John's"", 'N/A', 'W', '77', '69'], 27: ['Fri, Mar 12', 'Georgetown', 'N/A', 'L', '58', '66']}",0.684349375978801
St. John's,76,2599,Red Storm,16,11,0.5925925925925926,"{1: ['Wed, Nov 25', ""Saint Peter's"", 'N/A', 'W', '76', '75'], 2: ['Thu, Nov 26', 'La Salle', 'N/A', 'W', '82', '65'], 3: ['Mon, Nov 30', 'Boston College', 'N/A', 'W', '97', '93'], 4: ['Wed, Dec 2', 'BYU', 'N/A', 'L', '68', '74'], 5: ['Sun, Dec 6', 'Stony Brook', 'N/A', 'W', '89', '66'], 6: ['Tue, Dec 8', 'Rider', 'N/A', 'W', '82', '79'], 7: ['Fri, Dec 11', 'Seton Hall', 'N/A', 'L', '68', '77'], 8: ['Sun, Dec 13', 'Georgetown', 'N/A', 'L', '94', '97'], 9: ['Thu, Dec 17', 'Creighton', '9', 'L', '76', '94'], 10: ['Sun, Dec 20', 'Georgetown', 'N/A', 'W', '94', '83'], 11: ['Wed, Jan 6', 'Xavier', 'N/A', 'L', '61', '69'], 12: ['Sat, Jan 9', 'Creighton', '7', 'L', '79', '97'], 13: ['Tue, Jan 12', 'Butler', 'N/A', 'W', '69', '57'], 14: ['Sat, Jan 16', 'Marquette', 'N/A', 'L', '71', '73'], 15: ['Mon, Jan 18', 'UConn', '23', 'W', '74', '70'], 16: ['Sat, Jan 23', 'Utah Valley', 'N/A', 'W', '96', '78'], 17: ['Wed, Jan 27', 'DePaul', 'N/A', 'W', '81', '68'], 18: ['Sun, Jan 31', 'Marquette', 'N/A', 'W', '75', '73'], 19: ['Wed, Feb 3', 'Villanova', '3', 'W', '70', '59'], 20: ['Sat, Feb 6', 'Providence', 'N/A', 'W', '92', '81'], 21: ['Tue, Feb 9', 'Butler', 'N/A', 'L', '73', '76'], 22: ['Tue, Feb 16', 'Xavier', 'N/A', 'W', '93', '84'], 23: ['Sat, Feb 20', 'DePaul', 'N/A', 'L', '83', '88'], 24: ['Tue, Feb 23', 'Villanova', '8', 'L', '58', '81'], 25: ['Wed, Mar 3', 'Providence', 'N/A', 'W', '81', '67'], 26: ['Sat, Mar 6', 'Seton Hall', 'N/A', 'W', '81', '71'], 27: ['Thu, Mar 11', 'Seton Hall', 'N/A', 'L', '69', '77']}",0.6368353646129379
UConn,77,41,Huskies,15,8,0.6521739130434783,"{1: ['Sat, Mar 20', 'Maryland', '10', 'L', '54', '63'], 2: ['Wed, Nov 25', 'Central Connecticut', 'N/A', 'W', '102', '75'], 3: ['Fri, Nov 27', 'Hartford', 'N/A', 'W', '69', '57'], 4: ['Thu, Dec 3', 'USC', 'N/A', 'W', '61', '58'], 5: ['Sun, Dec 20', 'Creighton', '9', 'L', '74', '76'], 6: ['Wed, Dec 30', 'DePaul', 'N/A', 'W', '82', '61'], 7: ['Tue, Jan 5', 'Marquette', 'N/A', 'W', '65', '54'], 8: ['Sat, Jan 9', 'Butler', 'N/A', 'W', '72', '60'], 9: ['Mon, Jan 11', 'DePaul', 'N/A', 'W', '60', '53'], 10: ['Mon, Jan 18', ""St. John's"", 'N/A', 'L', '70', '74'], 11: ['Sat, Jan 23', 'Creighton', '11', 'L', '66', '74'], 12: ['Tue, Jan 26', 'Butler', 'N/A', 'W', '63', '51'], 13: ['Sat, Feb 6', 'Seton Hall', 'N/A', 'L', '73', '80'], 14: ['Wed, Feb 10', 'Providence', 'N/A', 'L', '59', '70'], 15: ['Sat, Feb 13', 'Xavier', 'N/A', 'W', '80', '72'], 16: ['Tue, Feb 16', 'Providence', 'N/A', 'W', '73', '61'], 17: ['Sat, Feb 20', 'Villanova', '10', 'L', '60', '68'], 18: ['Tue, Feb 23', 'Georgetown', 'N/A', 'W', '70', '57'], 19: ['Sat, Feb 27', 'Marquette', 'N/A', 'W', '80', '62'], 20: ['Wed, Mar 3', 'Seton Hall', 'N/A', 'W', '69', '58'], 21: ['Sat, Mar 6', 'Georgetown', 'N/A', 'W', '98', '82'], 22: ['Thu, Mar 11', 'DePaul', 'N/A', 'W', '94', '60'], 23: ['Fri, Mar 12', 'Creighton', '17', 'L', '56', '59']}",0.6574385519637117
Villanova,78,222,Wildcats,17,6,0.7391304347826086,"{1: ['Fri, Mar 19', 'Winthrop', '12', 'W', '73', '63'], 2: ['Wed, Nov 25', 'Boston College', 'N/A', 'W', '76', '67'], 3: ['Thu, Nov 26', 'Arizona State', '18', 'W', '83', '74'], 4: ['Sat, Nov 28', 'Virginia Tech', 'N/A', 'L', '73', '81'], 5: ['Tue, Dec 1', 'Hartford', 'N/A', 'W', '87', '53'], 6: ['Sun, Dec 6', 'Texas', '17', 'W', '68', '64'], 7: ['Fri, Dec 11', 'Georgetown', 'N/A', 'W', '76', '63'], 8: ['Wed, Dec 16', 'Butler', 'N/A', 'W', '85', '66'], 9: ['Sat, Dec 19', ""Saint Joseph's"", 'N/A', 'W', '88', '68'], 10: ['Wed, Dec 23', 'Marquette', 'N/A', 'W', '85', '68'], 11: ['Tue, Jan 19', 'Seton Hall', 'N/A', 'W', '76', '74'], 12: ['Sat, Jan 23', 'Providence', 'N/A', 'W', '71', '56'], 13: ['Sat, Jan 30', 'Seton Hall', 'N/A', 'W', '80', '72'], 14: ['Wed, Feb 3', ""St. John's"", 'N/A', 'L', '59', '70'], 15: ['Sun, Feb 7', 'Georgetown', 'N/A', 'W', '84', '74'], 16: ['Wed, Feb 10', 'Marquette', 'N/A', 'W', '96', '64'], 17: ['Sat, Feb 13', 'Creighton', '19', 'L', '70', '86'], 18: ['Sat, Feb 20', 'UConn', 'N/A', 'W', '68', '60'], 19: ['Tue, Feb 23', ""St. John's"", 'N/A', 'W', '81', '58'], 20: ['Sun, Feb 28', 'Butler', 'N/A', 'L', '61', '73'], 21: ['Wed, Mar 3', 'Creighton', '14', 'W', '72', '60'], 22: ['Sat, Mar 6', 'Providence', 'N/A', 'L', '52', '54'], 23: ['Thu, Mar 11', 'Georgetown', 'N/A', 'L', '71', '72']}",0.6355103850609359
Xavier,79,2752,Musketeers,13,8,0.6190476190476191,"{1: ['Wed, Nov 25', 'Oakland', 'N/A', 'W', '101', '49'], 2: ['Thu, Nov 26', 'Bradley', 'N/A', 'W', '51', '50'], 3: ['Fri, Nov 27', 'Toledo', 'N/A', 'W', '76', '73'], 4: ['Mon, Nov 30', 'Eastern Kentucky', 'N/A', 'W', '99', '96'], 5: ['Wed, Dec 2', 'Tennessee Tech', 'N/A', 'W', '79', '48'], 6: ['Sun, Dec 6', 'Cincinnati', 'N/A', 'W', '77', '69'], 7: ['Wed, Dec 9', 'Oklahoma', 'N/A', 'W', '99', '77'], 8: ['Sun, Dec 20', 'Marquette', 'N/A', 'W', '91', '88'], 9: ['Wed, Dec 23', 'Creighton', '13', 'L', '61', '66'], 10: ['Wed, Dec 30', 'Seton Hall', 'N/A', 'L', '68', '85'], 11: ['Wed, Jan 6', ""St. John's"", 'N/A', 'W', '69', '61'], 12: ['Sun, Jan 10', 'Providence', 'N/A', 'W', '74', '73'], 13: ['Sat, Jan 30', 'Butler', 'N/A', 'W', '68', '55'], 14: ['Sat, Feb 13', 'UConn', 'N/A', 'L', '72', '80'], 15: ['Tue, Feb 16', ""St. John's"", 'N/A', 'L', '84', '93'], 16: ['Sun, Feb 21', 'Butler', 'N/A', 'W', '63', '51'], 17: ['Wed, Feb 24', 'Providence', 'N/A', 'L', '68', '83'], 18: ['Sat, Feb 27', 'Creighton', '13', 'W', '77', '69'], 19: ['Tue, Mar 2', 'Georgetown', 'N/A', 'L', '66', '72'], 20: ['Sat, Mar 6', 'Marquette', 'N/A', 'L', '59', '66'], 21: ['Wed, Mar 10', 'Butler', 'N/A', 'L', '69', '70']}",0.5819341662385854
Eastern Washington,80,331,Eagles,16,8,0.6666666666666666,"{1: ['Sat, Mar 20', 'Kansas', '3', 'L', '84', '93'], 2: ['Sat, Nov 28', 'Washington State', 'N/A', 'L', '68', '71'], 3: ['Sat, Dec 5', 'Arizona', 'N/A', 'L', '67', '70'], 4: ['Mon, Dec 7', 'Oregon', 'N/A', 'L', '52', '69'], 5: ['Fri, Dec 11', 'of Idaho', 'N/A', 'W', '80', '56'], 6: ['Tue, Dec 15', ""Saint Mary's"", 'N/A', 'L', '75', '80'], 7: ['Sat, Dec 19', 'Northern Arizona', 'N/A', 'W', '80', '64'], 8: ['Thu, Jan 14', 'Southern Utah', 'N/A', 'W', '75', '63'], 9: ['Sat, Jan 16', 'Southern Utah', 'N/A', 'L', '94', '99'], 10: ['Thu, Jan 21', 'Northern Colorado', 'N/A', 'L', '76', '78'], 11: ['Sat, Jan 23', 'Northern Colorado', 'N/A', 'W', '82', '76'], 12: ['Sun, Jan 31', 'Sacramento State', 'N/A', 'W', '68', '60'], 13: ['Mon, Feb 1', 'Sacramento State', 'N/A', 'W', '94', '79'], 14: ['Thu, Feb 4', 'Idaho', 'N/A', 'W', '89', '75'], 15: ['Sat, Feb 6', 'Idaho', 'N/A', 'W', '90', '64'], 16: ['Thu, Feb 11', 'Montana State', 'N/A', 'W', '93', '77'], 17: ['Sat, Feb 13', 'Montana State', 'N/A', 'W', '85', '69'], 18: ['Thu, Feb 18', 'Montana', 'N/A', 'W', '90', '76'], 19: ['Sat, Feb 20', 'Montana', 'N/A', 'W', '90', '76'], 20: ['Wed, Mar 3', 'Idaho State', 'N/A', 'L', '63', '68'], 21: ['Fri, Mar 5', 'Idaho State', 'N/A', 'W', '75', '62'], 22: ['Thu, Mar 11', 'Northern Arizona', 'N/A', 'W', '66', '60'], 23: ['Fri, Mar 12', 'Montana', 'N/A', 'W', '78', '50'], 24: ['Sat, Mar 13', 'Montana State', 'N/A', 'W', '65', '55']}",0.5536797587345792
Idaho State,81,304,Bengals,13,11,0.5416666666666666,"{1: ['Wed, Nov 25', 'Santa Clara', 'N/A', 'L', '49', '62'], 2: ['Fri, Nov 27', 'Nicholls', 'N/A', 'L', '51', '70'], 3: ['Sat, Nov 28', 'UC Davis', 'N/A', 'L', '61', '70'], 4: ['Tue, Dec 8', 'Utah', 'N/A', 'L', '59', '75'], 5: ['Sat, Dec 12', '', 'N/A', 'W', '87', '48'], 6: ['Thu, Dec 17', 'American Indian College', 'N/A', 'W', '89', '54'], 7: ['Fri, Dec 18', 'American Indian College', 'N/A', 'W', '113', '46'], 8: ['Tue, Dec 22', 'Northern Colorado', 'N/A', 'L', '64', '69'], 9: ['Wed, Dec 23', 'Northern Colorado', 'N/A', 'W', '71', '56'], 10: ['Thu, Jan 7', 'Northern Arizona', 'N/A', 'W', '73', '69'], 11: ['Sat, Jan 9', 'Northern Arizona', 'N/A', 'W', '76', '70'], 12: ['Sun, Jan 17', 'Sacramento State', 'N/A', 'W', '57', '56'], 13: ['Mon, Jan 18', 'Sacramento State', 'N/A', 'L', '65', '70'], 14: ['Thu, Jan 21', 'Portland State', 'N/A', 'W', '64', '57'], 15: ['Sat, Jan 23', 'Portland State', 'N/A', 'L', '43', '69'], 16: ['Sat, Jan 30', 'University', 'N/A', 'W', '89', '48'], 17: ['Thu, Feb 11', 'Idaho', 'N/A', 'W', '69', '43'], 18: ['Sat, Feb 13', 'Idaho', 'N/A', 'W', '64', '58'], 19: ['Mon, Feb 15', 'Fox', 'N/A', 'W', '84', '59'], 20: ['Thu, Feb 25', 'Montana', 'N/A', 'L', '58', '64'], 21: ['Sat, Feb 27', 'Montana', 'N/A', 'L', '58', '59'], 22: ['Wed, Mar 3', 'Eastern Washington', 'N/A', 'W', '68', '63'], 23: ['Fri, Mar 5', 'Eastern Washington', 'N/A', 'L', '62', '75'], 24: ['Thu, Mar 11', 'Montana State', 'N/A', 'L', '63', '71']}",0.4515831740088033
Idaho,82,70,Vandals,1,21,0.045454545454545456,"{1: ['Thu, Dec 3', 'Sacramento State', 'N/A', 'L', '55', '77'], 2: ['Sat, Dec 5', 'Sacramento State', 'N/A', 'L', '57', '73'], 3: ['Wed, Dec 9', 'Washington State', 'N/A', 'L', '58', '61'], 4: ['Sat, Dec 12', 'CSU Bakersfield', 'N/A', 'L', '66', '76'], 5: ['Fri, Dec 18', 'Utah', 'N/A', 'L', '41', '79'], 6: ['Thu, Dec 31', 'Northern Arizona', 'N/A', 'L', '65', '78'], 7: ['Sat, Jan 2', 'Northern Arizona', 'N/A', 'L', '78', '83'], 8: ['Thu, Jan 7', 'Southern Utah', 'N/A', 'L', '80', '85'], 9: ['Sat, Jan 9', 'Southern Utah', 'N/A', 'L', '67', '83'], 10: ['Thu, Jan 14', 'Northern Colorado', 'N/A', 'L', '54', '74'], 11: ['Sat, Jan 16', 'Northern Colorado', 'N/A', 'L', '61', '75'], 12: ['Thu, Jan 28', 'Weber State', 'N/A', 'L', '56', '81'], 13: ['Sat, Jan 30', 'Weber State', 'N/A', 'L', '62', '81'], 14: ['Thu, Feb 4', 'Eastern Washington', 'N/A', 'L', '75', '89'], 15: ['Sat, Feb 6', 'Eastern Washington', 'N/A', 'L', '64', '90'], 16: ['Thu, Feb 11', 'Idaho State', 'N/A', 'L', '43', '69'], 17: ['Sat, Feb 13', 'Idaho State', 'N/A', 'L', '58', '64'], 18: ['Thu, Feb 18', 'Portland State', 'N/A', 'L', '64', '84'], 19: ['Sat, Feb 20', 'Portland State', 'N/A', 'L', '40', '71'], 20: ['Fri, Feb 26', 'Montana State', 'N/A', 'W', '74', '69'], 21: ['Sun, Feb 28', 'Montana State', 'N/A', 'L', '61', '71'], 22: ['Wed, Mar 10', 'Montana', 'N/A', 'L', '64', '69']}",0.5439464195590676
Montana,83,149,Grizzlies,15,13,0.5357142857142857,"{1: ['Sat, Nov 28', 'USC', 'N/A', 'L', '62', '76'], 2: ['Thu, Dec 3', 'Southern Utah', 'N/A', 'L', '63', '64'], 3: ['Sat, Dec 5', 'Southern Utah', 'N/A', 'L', '74', '75'], 4: ['Tue, Dec 8', 'Georgia', 'N/A', 'L', '50', '63'], 5: ['Sat, Dec 12', 'Christian College', 'N/A', 'W', '102', '42'], 6: ['Wed, Dec 16', 'Washington', 'N/A', 'W', '66', '58'], 7: ['Fri, Dec 18', 'State', 'N/A', 'W', '78', '51'], 8: ['Tue, Dec 22', 'Arizona', 'N/A', 'L', '64', '70'], 9: ['Sat, Jan 2', 'Northern Colorado', 'N/A', 'L', '62', '64'], 10: ['Mon, Jan 4', 'Northern Colorado', 'N/A', 'W', '56', '54'], 11: ['Sat, Jan 9', '', 'N/A', 'W', '84', '67'], 12: ['Thu, Jan 14', 'Northern Arizona', 'N/A', 'W', '67', '56'], 13: ['Sat, Jan 16', 'Northern Arizona', 'N/A', 'L', '58', '62'], 14: ['Thu, Jan 21', 'Sacramento State', 'N/A', 'W', '78', '66'], 15: ['Sat, Jan 23', 'Sacramento State', 'N/A', 'L', '83', '89'], 16: ['Thu, Feb 4', 'Portland State', 'N/A', 'W', '70', '64'], 17: ['Sat, Feb 6', 'Portland State', 'N/A', 'L', '56', '61'], 18: ['Thu, Feb 11', 'Weber State', 'N/A', 'W', '80', '67'], 19: ['Sat, Feb 13', 'Weber State', 'N/A', 'L', '82', '91'], 20: ['Thu, Feb 18', 'Eastern Washington', 'N/A', 'L', '76', '90'], 21: ['Sat, Feb 20', 'Eastern Washington', 'N/A', 'L', '76', '90'], 22: ['Thu, Feb 25', 'Idaho State', 'N/A', 'W', '64', '58'], 23: ['Sat, Feb 27', 'Idaho State', 'N/A', 'W', '59', '58'], 24: ['Fri, Mar 5', 'Pacific', 'N/A', 'W', '92', '61'], 25: ['Sat, Mar 6', 'Pacific', 'N/A', 'W', '80', '62'], 26: ['Wed, Mar 10', 'Idaho', 'N/A', 'W', '69', '64'], 27: ['Thu, Mar 11', 'Weber State', 'N/A', 'W', '80', '75'], 28: ['Fri, Mar 12', 'Eastern Washington', 'N/A', 'L', '50', '78']}",0.5331105705888314
Montana State,84,147,Bobcats,13,10,0.5652173913043478,"{1: ['Wed, Nov 25', 'UNLV', 'N/A', 'W', '91', '78'], 2: ['Wed, Dec 2', 'Pacific', 'N/A', 'L', '70', '74'], 3: ['Sun, Dec 13', 'Christian College', 'N/A', 'W', '114', '74'], 4: ['Fri, Dec 18', 'Washington State', 'N/A', 'L', '54', '82'], 5: ['Tue, Dec 22', 'Portland', 'N/A', 'L', '59', '62'], 6: ['Fri, Jan 1', '', 'N/A', 'W', '96', '67'], 7: ['Thu, Jan 7', 'Northern Colorado', 'N/A', 'W', '79', '67'], 8: ['Sat, Jan 9', 'Northern Colorado', 'N/A', 'W', '76', '74'], 9: ['Thu, Jan 14', 'Portland State', 'N/A', 'W', '71', '64'], 10: ['Sat, Jan 16', 'Portland State', 'N/A', 'W', '69', '64'], 11: ['Thu, Jan 21', 'Northern Arizona', 'N/A', 'W', '62', '51'], 12: ['Sat, Jan 23', 'Northern Arizona', 'N/A', 'W', '58', '53'], 13: ['Thu, Feb 4', 'Weber State', 'N/A', 'L', '88', '96'], 14: ['Sat, Feb 6', 'Weber State', 'N/A', 'L', '74', '82'], 15: ['Thu, Feb 11', 'Eastern Washington', 'N/A', 'L', '77', '93'], 16: ['Sat, Feb 13', 'Eastern Washington', 'N/A', 'L', '69', '85'], 17: ['Fri, Feb 26', 'Idaho', 'N/A', 'L', '69', '74'], 18: ['Sun, Feb 28', 'Idaho', 'N/A', 'W', '71', '61'], 19: ['Fri, Mar 5', 'Sacramento State', 'N/A', 'W', '77', '75'], 20: ['Sat, Mar 6', 'Sacramento State', 'N/A', 'L', '73', '74'], 21: ['Thu, Mar 11', 'Idaho State', 'N/A', 'W', '71', '63'], 22: ['Fri, Mar 12', 'Southern Utah', 'N/A', 'W', '80', '77'], 23: ['Sat, Mar 13', 'Eastern Washington', 'N/A', 'L', '55', '65']}",0.46935636060894864
Northern Arizona,85,2464,Lumberjacks,6,16,0.2727272727272727,"{1: ['Mon, Dec 7', 'Arizona', 'N/A', 'L', '53', '96'], 2: ['Thu, Dec 10', 'UC Riverside', 'N/A', 'L', '50', '74'], 3: ['Mon, Dec 14', 'Colorado State', 'N/A', 'L', '52', '91'], 4: ['Sat, Dec 19', 'Eastern Washington', 'N/A', 'L', '64', '80'], 5: ['Mon, Dec 21', 'Texas State', 'N/A', 'L', '65', '70'], 6: ['Tue, Dec 22', 'Denver', 'N/A', 'W', '68', '65'], 7: ['Mon, Dec 28', 'Gonzaga', '1', 'L', '58', '88'], 8: ['Thu, Dec 31', 'Idaho', 'N/A', 'W', '78', '65'], 9: ['Sat, Jan 2', 'Idaho', 'N/A', 'W', '83', '78'], 10: ['Thu, Jan 7', 'Idaho State', 'N/A', 'L', '69', '73'], 11: ['Sat, Jan 9', 'Idaho State', 'N/A', 'L', '70', '76'], 12: ['Thu, Jan 14', 'Montana', 'N/A', 'L', '56', '67'], 13: ['Sat, Jan 16', 'Montana', 'N/A', 'W', '62', '58'], 14: ['Thu, Jan 21', 'Montana State', 'N/A', 'L', '51', '62'], 15: ['Sat, Jan 23', 'Montana State', 'N/A', 'L', '53', '58'], 16: ['Fri, Jan 29', 'Northern Colorado', 'N/A', 'W', '68', '64'], 17: ['Thu, Feb 18', 'Weber State', 'N/A', 'L', '59', '92'], 18: ['Sat, Feb 20', 'Weber State', 'N/A', 'L', '52', '74'], 19: ['Wed, Feb 24', 'Southern Utah', 'N/A', 'L', '80', '85'], 20: ['Fri, Feb 26', 'Southern Utah', 'N/A', 'L', '62', '92'], 21: ['Wed, Mar 10', 'Portland State', 'N/A', 'W', '77', '66'], 22: ['Thu, Mar 11', 'Eastern Washington', 'N/A', 'L', '60', '66']}",0.6240411564719867
Northern Colorado,86,2458,Bears,11,11,0.5,"{1: ['Wed, Dec 9', 'Christian', 'N/A', 'W', '87', '62'], 2: ['Fri, Dec 11', 'Univ', 'N/A', 'W', '83', '58'], 3: ['Mon, Dec 14', 'Colorado', 'N/A', 'L', '45', '81'], 4: ['Wed, Dec 16', 'Denver', 'N/A', 'W', '83', '75'], 5: ['Fri, Dec 18', 'Utah State', 'N/A', 'L', '50', '63'], 6: ['Tue, Dec 22', 'Idaho State', 'N/A', 'W', '69', '64'], 7: ['Wed, Dec 23', 'Idaho State', 'N/A', 'L', '56', '71'], 8: ['Sat, Jan 2', 'Montana', 'N/A', 'W', '64', '62'], 9: ['Mon, Jan 4', 'Montana', 'N/A', 'L', '54', '56'], 10: ['Thu, Jan 7', 'Montana State', 'N/A', 'L', '67', '79'], 11: ['Sat, Jan 9', 'Montana State', 'N/A', 'L', '74', '76'], 12: ['Thu, Jan 14', 'Idaho', 'N/A', 'W', '74', '54'], 13: ['Sat, Jan 16', 'Idaho', 'N/A', 'W', '75', '61'], 14: ['Thu, Jan 21', 'Eastern Washington', 'N/A', 'W', '78', '76'], 15: ['Sat, Jan 23', 'Eastern Washington', 'N/A', 'L', '76', '82'], 16: ['Fri, Jan 29', 'Northern Arizona', 'N/A', 'L', '64', '68'], 17: ['Mon, Feb 22', 'Pacific', 'N/A', 'W', '89', '60'], 18: ['Thu, Feb 25', 'Portland State', 'N/A', 'W', '66', '64'], 19: ['Sat, Feb 27', 'Portland State', 'N/A', 'L', '65', '73'], 20: ['Thu, Mar 4', 'Weber State', 'N/A', 'L', '59', '60'], 21: ['Wed, Mar 10', 'Sacramento State', 'N/A', 'W', '90', '83'], 22: ['Thu, Mar 11', 'Southern Utah', 'N/A', 'L', '83', '91']}",0.4899820361080458
Portland State,87,2502,Vikings,9,13,0.4090909090909091,"{1: ['Sat, Dec 5', 'Portland', 'N/A', 'L', '73', '86'], 2: ['Tue, Dec 8', 'University', 'N/A', 'W', '88', '48'], 3: ['Sun, Dec 13', 'Washington State', 'N/A', 'L', '60', '69'], 4: ['Fri, Dec 18', 'Weber State', 'N/A', 'L', '66', '94'], 5: ['Sun, Dec 20', 'Weber State', 'N/A', 'W', '74', '72'], 6: ['Tue, Dec 22', 'Oregon State', 'N/A', 'L', '62', '67'], 7: ['Sat, Jan 9', 'Nazarene', 'N/A', 'L', '72', '75'], 8: ['Thu, Jan 14', 'Montana State', 'N/A', 'L', '64', '71'], 9: ['Sat, Jan 16', 'Montana State', 'N/A', 'L', '64', '69'], 10: ['Thu, Jan 21', 'Idaho State', 'N/A', 'L', '57', '64'], 11: ['Sat, Jan 23', 'Idaho State', 'N/A', 'W', '69', '43'], 12: ['Tue, Jan 26', ""Martin's"", 'N/A', 'W', '69', '60'], 13: ['Thu, Feb 4', 'Montana', 'N/A', 'L', '64', '70'], 14: ['Sat, Feb 6', 'Montana', 'N/A', 'W', '61', '56'], 15: ['Fri, Feb 12', 'University', 'N/A', 'W', '99', '66'], 16: ['Thu, Feb 18', 'Idaho', 'N/A', 'W', '84', '64'], 17: ['Sat, Feb 20', 'Idaho', 'N/A', 'W', '71', '40'], 18: ['Thu, Feb 25', 'Northern Colorado', 'N/A', 'L', '64', '66'], 19: ['Sat, Feb 27', 'Northern Colorado', 'N/A', 'W', '73', '65'], 20: ['Thu, Mar 4', 'Southern Utah', 'N/A', 'L', '58', '68'], 21: ['Sat, Mar 6', 'Southern Utah', 'N/A', 'L', '54', '73'], 22: ['Wed, Mar 10', 'Northern Arizona', 'N/A', 'L', '66', '77']}",0.5109996328595364
Sacramento State,88,16,Hornets,8,12,0.4,"{1: ['Wed, Nov 25', '', 'N/A', 'W', '101', '57'], 2: ['Thu, Dec 3', 'Idaho', 'N/A', 'W', '77', '55'], 3: ['Sat, Dec 5', 'Idaho', 'N/A', 'W', '73', '57'], 4: ['Wed, Dec 30', ""Saint Mary's"", 'N/A', 'L', '45', '63'], 5: ['Sun, Jan 3', 'Pacific', 'N/A', 'W', '85', '54'], 6: ['Sun, Jan 17', 'Idaho State', 'N/A', 'L', '56', '57'], 7: ['Mon, Jan 18', 'Idaho State', 'N/A', 'W', '70', '65'], 8: ['Thu, Jan 21', 'Montana', 'N/A', 'L', '66', '78'], 9: ['Sat, Jan 23', 'Montana', 'N/A', 'W', '89', '83'], 10: ['Sun, Jan 31', 'Eastern Washington', 'N/A', 'L', '60', '68'], 11: ['Mon, Feb 1', 'Eastern Washington', 'N/A', 'L', '79', '94'], 12: ['Sat, Feb 13', 'California Baptist', 'N/A', 'L', '71', '83'], 13: ['Sun, Feb 14', 'California Baptist', 'N/A', 'W', '70', '69'], 14: ['Thu, Feb 18', 'Southern Utah', 'N/A', 'L', '69', '88'], 15: ['Sat, Feb 20', 'Southern Utah', 'N/A', 'L', '57', '77'], 16: ['Thu, Feb 25', 'Weber State', 'N/A', 'L', '73', '82'], 17: ['Sat, Feb 27', 'Weber State', 'N/A', 'L', '70', '72'], 18: ['Fri, Mar 5', 'Montana State', 'N/A', 'L', '75', '77'], 19: ['Sat, Mar 6', 'Montana State', 'N/A', 'W', '74', '73'], 20: ['Wed, Mar 10', 'Northern Colorado', 'N/A', 'L', '83', '90']}",0.5562176191466809
Southern Utah,89,253,Thunderbirds,20,4,0.8333333333333334,"{1: ['Wed, Nov 25', 'Loyola Marymount', 'N/A', 'L', '83', '85'], 2: ['Sat, Nov 28', 'Katherine', 'N/A', 'W', '95', '47'], 3: ['Thu, Dec 3', 'Montana', 'N/A', 'W', '64', '63'], 4: ['Sat, Dec 5', 'Montana', 'N/A', 'W', '75', '74'], 5: ['Wed, Dec 9', 'Utah Valley', 'N/A', 'W', '81', '71'], 6: ['Thu, Dec 17', 'Dixie State', 'N/A', 'W', '85', '78'], 7: ['Fri, Dec 18', '', 'N/A', 'W', '98', '64'], 8: ['Mon, Dec 21', '', 'N/A', 'W', '96', '57'], 9: ['Thu, Jan 7', 'Idaho', 'N/A', 'W', '85', '80'], 10: ['Sat, Jan 9', 'Idaho', 'N/A', 'W', '83', '67'], 11: ['Thu, Jan 14', 'Eastern Washington', 'N/A', 'L', '63', '75'], 12: ['Sat, Jan 16', 'Eastern Washington', 'N/A', 'W', '99', '94'], 13: ['Thu, Jan 21', 'Weber State', 'N/A', 'L', '67', '91'], 14: ['Sat, Jan 23', 'Weber State', 'N/A', 'W', '77', '72'], 15: ['Sat, Feb 6', '(AZ)', 'N/A', 'W', '110', '58'], 16: ['Tue, Feb 9', 'Diego Christian', 'N/A', 'W', '109', '50'], 17: ['Thu, Feb 18', 'Sacramento State', 'N/A', 'W', '88', '69'], 18: ['Sat, Feb 20', 'Sacramento State', 'N/A', 'W', '77', '57'], 19: ['Wed, Feb 24', 'Northern Arizona', 'N/A', 'W', '85', '80'], 20: ['Fri, Feb 26', 'Northern Arizona', 'N/A', 'W', '92', '62'], 21: ['Thu, Mar 4', 'Portland State', 'N/A', 'W', '68', '58'], 22: ['Sat, Mar 6', 'Portland State', 'N/A', 'W', '73', '54'], 23: ['Thu, Mar 11', 'Northern Colorado', 'N/A', 'W', '91', '83'], 24: ['Fri, Mar 12', 'Montana State', 'N/A', 'L', '77', '80']}",0.4565603732651787
Weber State,90,2692,Wildcats,17,6,0.7391304347826086,"{1: ['Wed, Nov 25', 'State', 'N/A', 'W', '88', '60'], 2: ['Tue, Dec 8', '(UT)', 'N/A', 'W', '85', '73'], 3: ['Sun, Dec 13', 'Boise State', 'N/A', 'L', '59', '70'], 4: ['Fri, Dec 18', 'Portland State', 'N/A', 'W', '94', '66'], 5: ['Sun, Dec 20', 'Portland State', 'N/A', 'L', '72', '74'], 6: ['Wed, Dec 23', 'BYU', 'N/A', 'L', '79', '87'], 7: ['Sat, Jan 2', 'Utah Valley', 'N/A', 'W', '70', '62'], 8: ['Sat, Jan 16', 'Christian College', 'N/A', 'W', '124', '44'], 9: ['Sun, Jan 17', 'Tarleton', 'N/A', 'W', '94', '79'], 10: ['Thu, Jan 21', 'Southern Utah', 'N/A', 'W', '91', '67'], 11: ['Sat, Jan 23', 'Southern Utah', 'N/A', 'L', '72', '77'], 12: ['Thu, Jan 28', 'Idaho', 'N/A', 'W', '81', '56'], 13: ['Sat, Jan 30', 'Idaho', 'N/A', 'W', '81', '62'], 14: ['Thu, Feb 4', 'Montana State', 'N/A', 'W', '96', '88'], 15: ['Sat, Feb 6', 'Montana State', 'N/A', 'W', '82', '74'], 16: ['Thu, Feb 11', 'Montana', 'N/A', 'L', '67', '80'], 17: ['Sat, Feb 13', 'Montana', 'N/A', 'W', '91', '82'], 18: ['Thu, Feb 18', 'Northern Arizona', 'N/A', 'W', '92', '59'], 19: ['Sat, Feb 20', 'Northern Arizona', 'N/A', 'W', '74', '52'], 20: ['Thu, Feb 25', 'Sacramento State', 'N/A', 'W', '82', '73'], 21: ['Sat, Feb 27', 'Sacramento State', 'N/A', 'W', '72', '70'], 22: ['Thu, Mar 4', 'Northern Colorado', 'N/A', 'W', '60', '59'], 23: ['Thu, Mar 11', 'Montana', 'N/A', 'L', '75', '80']}",0.480161710270406
Campbell,91,2097,Fighting Camels,17,10,0.6296296296296297,"{1: ['Mon, Nov 30', 'Andrews', 'N/A', 'W', '85', '51'], 2: ['Tue, Dec 8', 'Jacksonville', 'N/A', 'W', '80', '78'], 3: ['Wed, Dec 9', 'New Orleans', 'N/A', 'W', '79', '70'], 4: ['Thu, Dec 10', 'National', 'N/A', 'W', '122', '92'], 5: ['Wed, Dec 16', 'Elon', 'N/A', 'L', '56', '66'], 6: ['Sat, Dec 19', 'NC State', 'N/A', 'L', '50', '69'], 7: ['Mon, Dec 21', 'UNC Wilmington', 'N/A', 'L', '59', '78'], 8: ['Wed, Dec 30', 'Winthrop', 'N/A', 'L', '83', '84'], 9: ['Thu, Dec 31', 'Winthrop', 'N/A', 'L', '76', '94'], 10: ['Mon, Jan 4', 'Gardner-Webb', 'N/A', 'W', '70', '61'], 11: ['Tue, Jan 5', 'Gardner-Webb', 'N/A', 'L', '70', '85'], 12: ['Sat, Jan 9', 'Longwood', 'N/A', 'W', '64', '58'], 13: ['Sun, Jan 10', 'Longwood', 'N/A', 'L', '69', '78'], 14: ['Thu, Jan 14', 'Presbyterian', 'N/A', 'W', '48', '46'], 15: ['Fri, Jan 15', 'Presbyterian', 'N/A', 'W', '73', '51'], 16: ['Tue, Jan 19', 'Radford', 'N/A', 'L', '91', '97'], 17: ['Wed, Jan 20', 'Radford', 'N/A', 'L', '61', '67'], 18: ['Fri, Jan 29', 'Charleston Southern', 'N/A', 'W', '59', '58'], 19: ['Sat, Jan 30', 'Charleston Southern', 'N/A', 'W', '75', '67'], 20: ['Thu, Feb 11', 'South Carolina Upstate', 'N/A', 'W', '72', '71'], 21: ['Fri, Feb 12', 'South Carolina Upstate', 'N/A', 'W', '64', '49'], 22: ['Thu, Feb 18', 'Hampton', 'N/A', 'W', '76', '57'], 23: ['Fri, Feb 19', 'Hampton', 'N/A', 'W', '73', '68'], 24: ['Tue, Feb 23', 'High Point', 'N/A', 'W', '68', '48'], 25: ['Mon, Mar 1', 'Gardner-Webb', 'N/A', 'W', '63', '57'], 26: ['Thu, Mar 4', 'Radford', 'N/A', 'W', '78', '60'], 27: ['Sun, Mar 7', 'Winthrop', 'N/A', 'L', '53', '80']}",0.4617859194334628
Charleston Southern,92,2127,Buccaneers,3,18,0.14285714285714285,"{1: ['Wed, Nov 25', 'NC State', 'N/A', 'L', '61', '95'], 2: ['Fri, Nov 27', 'Eastern Kentucky', 'N/A', 'L', '50', '60'], 3: ['Tue, Dec 1', 'North Carolina A&T', 'N/A', 'L', '63', '70'], 4: ['Tue, Dec 8', 'College', 'N/A', 'W', '94', '59'], 5: ['Mon, Dec 21', 'Hampton', 'N/A', 'L', '55', '67'], 6: ['Tue, Dec 22', 'Hampton', 'N/A', 'L', '68', '70'], 7: ['Mon, Jan 4', 'Winthrop', 'N/A', 'L', '69', '85'], 8: ['Tue, Jan 5', 'Winthrop', 'N/A', 'L', '76', '78'], 9: ['Sat, Jan 9', 'Radford', 'N/A', 'L', '64', '79'], 10: ['Sun, Jan 10', 'Radford', 'N/A', 'L', '48', '68'], 11: ['Thu, Jan 14', 'UNC Asheville', 'N/A', 'L', '54', '92'], 12: ['Fri, Jan 15', 'UNC Asheville', 'N/A', 'L', '75', '83'], 13: ['Sun, Jan 24', 'Gardner-Webb', 'N/A', 'L', '62', '74'], 14: ['Mon, Jan 25', 'Gardner-Webb', 'N/A', 'L', '71', '80'], 15: ['Fri, Jan 29', 'Campbell', 'N/A', 'L', '58', '59'], 16: ['Sat, Jan 30', 'Campbell', 'N/A', 'L', '67', '75'], 17: ['Thu, Feb 11', 'High Point', 'N/A', 'L', '73', '77'], 18: ['Fri, Feb 12', 'High Point', 'N/A', 'W', '69', '68'], 19: ['Thu, Feb 18', 'Longwood', 'N/A', 'L', '62', '70'], 20: ['Fri, Feb 19', 'Longwood', 'N/A', 'L', '58', '64'], 21: ['Mon, Feb 22', 'Presbyterian', 'N/A', 'W', '78', '77']}",0.53519014574187
Gardner-Webb,93,2241,Bulldogs,11,15,0.4230769230769231,"{1: ['Thu, Dec 10', 'Western Kentucky', 'N/A', 'L', '84', '86'], 2: ['Sat, Dec 12', 'Pittsburgh', 'N/A', 'L', '50', '67'], 3: ['Tue, Dec 15', 'East Tennessee State', 'N/A', 'L', '60', '65'], 4: ['Fri, Dec 18', 'VMI', 'N/A', 'W', '88', '77'], 5: ['Mon, Dec 21', 'Florida State', '21', 'L', '59', '72'], 6: ['Wed, Dec 30', 'Hampton', 'N/A', 'L', '69', '80'], 7: ['Thu, Dec 31', 'Hampton', 'N/A', 'W', '80', '69'], 8: ['Mon, Jan 4', 'Campbell', 'N/A', 'L', '61', '70'], 9: ['Tue, Jan 5', 'Campbell', 'N/A', 'W', '85', '70'], 10: ['Sat, Jan 9', 'Winthrop', 'N/A', 'L', '65', '75'], 11: ['Sun, Jan 10', 'Winthrop', 'N/A', 'L', '83', '91'], 12: ['Tue, Jan 19', 'UNC Asheville', 'N/A', 'L', '75', '79'], 13: ['Wed, Jan 20', 'UNC Asheville', 'N/A', 'W', '84', '57'], 14: ['Sun, Jan 24', 'Charleston Southern', 'N/A', 'W', '74', '62'], 15: ['Mon, Jan 25', 'Charleston Southern', 'N/A', 'W', '80', '71'], 16: ['Fri, Jan 29', 'High Point', 'N/A', 'L', '55', '59'], 17: ['Sat, Jan 30', 'High Point', 'N/A', 'L', '69', '72'], 18: ['Thu, Feb 4', 'Presbyterian', 'N/A', 'W', '59', '53'], 19: ['Fri, Feb 5', 'Presbyterian', 'N/A', 'W', '91', '64'], 20: ['Mon, Feb 8', 'South Carolina Upstate', 'N/A', 'L', '69', '77'], 21: ['Thu, Feb 11', 'Longwood', 'N/A', 'L', '54', '57'], 22: ['Fri, Feb 12', 'Longwood', 'N/A', 'L', '71', '78'], 23: ['Wed, Feb 17', 'Radford', 'N/A', 'W', '69', '57'], 24: ['Thu, Feb 18', 'Radford', 'N/A', 'W', '77', '49'], 25: ['Mon, Feb 22', 'South Carolina Upstate', 'N/A', 'W', '69', '58'], 26: ['Mon, Mar 1', 'Campbell', 'N/A', 'L', '57', '63']}",0.4960980324023802
Hampton,94,2261,Pirates,11,14,0.44,"{1: ['Tue, Dec 1', 'George Washington', 'N/A', 'W', '82', '78'], 2: ['Mon, Dec 7', 'Norfolk State', 'N/A', 'L', '64', '76'], 3: ['Sun, Dec 13', 'VMI', 'N/A', 'L', '64', '79'], 4: ['Wed, Dec 16', 'William & Mary', 'N/A', 'L', '58', '75'], 5: ['Fri, Dec 18', 'Howard', 'N/A', 'L', '76', '81'], 6: ['Mon, Dec 21', 'Charleston Southern', 'N/A', 'W', '67', '55'], 7: ['Tue, Dec 22', 'Charleston Southern', 'N/A', 'W', '70', '68'], 8: ['Wed, Dec 30', 'Gardner-Webb', 'N/A', 'W', '80', '69'], 9: ['Thu, Dec 31', 'Gardner-Webb', 'N/A', 'L', '69', '80'], 10: ['Mon, Jan 4', 'Radford', 'N/A', 'L', '66', '79'], 11: ['Tue, Jan 5', 'Radford', 'N/A', 'L', '65', '76'], 12: ['Sat, Jan 9', 'UNC Asheville', 'N/A', 'W', '73', '71'], 13: ['Sun, Jan 10', 'UNC Asheville', 'N/A', 'L', '77', '85'], 14: ['Thu, Jan 14', 'South Carolina Upstate', 'N/A', 'W', '69', '68'], 15: ['Fri, Jan 15', 'South Carolina Upstate', 'N/A', 'W', '84', '74'], 16: ['Sun, Feb 7', 'High Point', 'N/A', 'L', '58', '72'], 17: ['Mon, Feb 8', 'High Point', 'N/A', 'W', '76', '71'], 18: ['Thu, Feb 11', 'Presbyterian', 'N/A', 'L', '70', '85'], 19: ['Fri, Feb 12', 'Presbyterian', 'N/A', 'W', '62', '57'], 20: ['Mon, Feb 15', 'Longwood', 'N/A', 'L', '73', '83'], 21: ['Thu, Feb 18', 'Campbell', 'N/A', 'L', '57', '76'], 22: ['Fri, Feb 19', 'Campbell', 'N/A', 'L', '68', '73'], 23: ['Wed, Feb 24', 'Longwood', 'N/A', 'W', '74', '68'], 24: ['Sat, Feb 27', 'Presbyterian', 'N/A', 'W', '67', '65'], 25: ['Mon, Mar 1', 'Radford', 'N/A', 'L', '52', '67']}",0.4068982009370756
High Point,95,2272,Panthers,9,15,0.375,"{1: ['Wed, Nov 25', 'Davidson', 'N/A', 'L', '73', '82'], 2: ['Sat, Nov 28', 'Elon', 'N/A', 'L', '75', '76'], 3: ['Sat, Dec 5', 'North Florida', 'N/A', 'W', '85', '74'], 4: ['Sat, Dec 12', 'UNC Asheville', 'N/A', 'L', '67', '80'], 5: ['Sun, Dec 13', 'UNC Asheville', 'N/A', 'L', '84', '90'], 6: ['Sat, Dec 19', 'William & Mary', 'N/A', 'W', '71', '49'], 7: ['Tue, Dec 22', 'Eastern Kentucky', 'N/A', 'L', '67', '86'], 8: ['Wed, Dec 30', 'South Carolina Upstate', 'N/A', 'W', '63', '52'], 9: ['Thu, Dec 31', 'South Carolina Upstate', 'N/A', 'L', '51', '60'], 10: ['Tue, Jan 19', 'Longwood', 'N/A', 'L', '54', '75'], 11: ['Wed, Jan 20', 'Longwood', 'N/A', 'L', '54', '67'], 12: ['Sun, Jan 24', 'Presbyterian', 'N/A', 'W', '81', '57'], 13: ['Mon, Jan 25', 'Presbyterian', 'N/A', 'L', '56', '71'], 14: ['Fri, Jan 29', 'Gardner-Webb', 'N/A', 'W', '59', '55'], 15: ['Sat, Jan 30', 'Gardner-Webb', 'N/A', 'W', '72', '69'], 16: ['Sun, Feb 7', 'Hampton', 'N/A', 'W', '72', '58'], 17: ['Mon, Feb 8', 'Hampton', 'N/A', 'L', '71', '76'], 18: ['Thu, Feb 11', 'Charleston Southern', 'N/A', 'W', '77', '73'], 19: ['Fri, Feb 12', 'Charleston Southern', 'N/A', 'L', '68', '69'], 20: ['Thu, Feb 18', 'Winthrop', 'N/A', 'L', '70', '76'], 21: ['Fri, Feb 19', 'Winthrop', 'N/A', 'L', '63', '71'], 22: ['Tue, Feb 23', 'Campbell', 'N/A', 'L', '48', '68'], 23: ['Sat, Feb 27', 'South Carolina Upstate', 'N/A', 'W', '65', '60'], 24: ['Mon, Mar 1', 'Winthrop', 'N/A', 'L', '54', '83']}",0.4659422721218566
Longwood,96,2344,Lancers,12,16,0.42857142857142855,"{1: ['Fri, Nov 27', 'Wake Forest', 'N/A', 'L', '60', '71'], 2: ['Tue, Dec 1', 'VMI', 'N/A', 'L', '71', '84'], 3: ['Sun, Dec 6', '', 'N/A', 'L', '64', '67'], 4: ['Tue, Dec 8', 'North Carolina A&T', 'N/A', 'W', '77', '60'], 5: ['Mon, Dec 14', 'Radford', 'N/A', 'L', '66', '67'], 6: ['Tue, Dec 15', 'Radford', 'N/A', 'L', '53', '62'], 7: ['Sat, Dec 19', 'The Citadel', 'N/A', 'L', '89', '91'], 8: ['Mon, Dec 21', 'Virginia Tech', '24', 'L', '58', '84'], 9: ['Wed, Dec 30', 'UNC Asheville', 'N/A', 'L', '73', '80'], 10: ['Thu, Dec 31', 'UNC Asheville', 'N/A', 'W', '65', '55'], 11: ['Mon, Jan 4', 'South Carolina Upstate', 'N/A', 'L', '69', '71'], 12: ['Tue, Jan 5', 'South Carolina Upstate', 'N/A', 'L', '59', '65'], 13: ['Sat, Jan 9', 'Campbell', 'N/A', 'L', '58', '64'], 14: ['Sun, Jan 10', 'Campbell', 'N/A', 'W', '78', '69'], 15: ['Thu, Jan 14', 'Winthrop', 'N/A', 'L', '61', '72'], 16: ['Fri, Jan 15', 'Winthrop', 'N/A', 'L', '50', '70'], 17: ['Tue, Jan 19', 'High Point', 'N/A', 'W', '75', '54'], 18: ['Wed, Jan 20', 'High Point', 'N/A', 'W', '67', '54'], 19: ['Fri, Jan 29', 'Presbyterian', 'N/A', 'W', '49', '45'], 20: ['Sat, Jan 30', 'Presbyterian', 'N/A', 'L', '54', '66'], 21: ['Thu, Feb 11', 'Gardner-Webb', 'N/A', 'W', '57', '54'], 22: ['Fri, Feb 12', 'Gardner-Webb', 'N/A', 'W', '78', '71'], 23: ['Mon, Feb 15', 'Hampton', 'N/A', 'W', '83', '73'], 24: ['Thu, Feb 18', 'Charleston Southern', 'N/A', 'W', '70', '62'], 25: ['Fri, Feb 19', 'Charleston Southern', 'N/A', 'W', '64', '58'], 26: ['Wed, Feb 24', 'Hampton', 'N/A', 'L', '68', '74'], 27: ['Mon, Mar 1', 'UNC Asheville', 'N/A', 'W', '77', '61'], 28: ['Thu, Mar 4', 'Winthrop', 'N/A', 'L', '61', '82']}",0.4831826000682683
Presbyterian,97,2506,Blue Hose,7,15,0.3181818181818182,"{1: ['Wed, Dec 2', 'Jacksonville', 'N/A', 'L', '65', '78'], 2: ['Mon, Dec 14', 'College', 'N/A', 'W', '85', '46'], 3: ['Fri, Dec 18', 'South Carolina State', 'N/A', 'W', '62', '56'], 4: ['Tue, Dec 22', 'The Citadel', 'N/A', 'L', '82', '94'], 5: ['Wed, Dec 30', 'Radford', 'N/A', 'L', '65', '71'], 6: ['Thu, Dec 31', 'Radford', 'N/A', 'W', '65', '63'], 7: ['Thu, Jan 14', 'Campbell', 'N/A', 'L', '46', '48'], 8: ['Fri, Jan 15', 'Campbell', 'N/A', 'L', '51', '73'], 9: ['Tue, Jan 19', 'Winthrop', 'N/A', 'L', '58', '72'], 10: ['Wed, Jan 20', 'Winthrop', 'N/A', 'L', '66', '78'], 11: ['Sun, Jan 24', 'High Point', 'N/A', 'L', '57', '81'], 12: ['Mon, Jan 25', 'High Point', 'N/A', 'W', '71', '56'], 13: ['Fri, Jan 29', 'Longwood', 'N/A', 'L', '45', '49'], 14: ['Sat, Jan 30', 'Longwood', 'N/A', 'W', '66', '54'], 15: ['Thu, Feb 4', 'Gardner-Webb', 'N/A', 'L', '53', '59'], 16: ['Fri, Feb 5', 'Gardner-Webb', 'N/A', 'L', '64', '91'], 17: ['Thu, Feb 11', 'Hampton', 'N/A', 'W', '85', '70'], 18: ['Fri, Feb 12', 'Hampton', 'N/A', 'L', '57', '62'], 19: ['Mon, Feb 15', 'South Carolina Upstate', 'N/A', 'W', '75', '65'], 20: ['Thu, Feb 18', 'South Carolina Upstate', 'N/A', 'L', '51', '65'], 21: ['Mon, Feb 22', 'Charleston Southern', 'N/A', 'L', '77', '78'], 22: ['Sat, Feb 27', 'Hampton', 'N/A', 'L', '65', '67']}",0.4569140816242266
Radford,98,2515,Highlanders,15,12,0.5555555555555556,"{1: ['Wed, Nov 25', 'Virginia Tech', 'N/A', 'L', '62', '77'], 2: ['Sat, Nov 28', 'Norfolk State', 'N/A', 'L', '54', '57'], 3: ['Sun, Nov 29', 'James Madison', 'N/A', 'L', '59', '67'], 4: ['Sat, Dec 5', 'East Carolina', 'N/A', 'L', '50', '63'], 5: ['Wed, Dec 9', 'Hill', 'N/A', 'W', '98', '50'], 6: ['Mon, Dec 14', 'Longwood', 'N/A', 'W', '67', '66'], 7: ['Tue, Dec 15', 'Longwood', 'N/A', 'W', '62', '53'], 8: ['Sat, Dec 19', 'Vanderbilt', 'N/A', 'L', '50', '59'], 9: ['Wed, Dec 30', 'Presbyterian', 'N/A', 'W', '71', '65'], 10: ['Thu, Dec 31', 'Presbyterian', 'N/A', 'L', '63', '65'], 11: ['Mon, Jan 4', 'Hampton', 'N/A', 'W', '79', '66'], 12: ['Tue, Jan 5', 'Hampton', 'N/A', 'W', '76', '65'], 13: ['Sat, Jan 9', 'Charleston Southern', 'N/A', 'W', '79', '64'], 14: ['Sun, Jan 10', 'Charleston Southern', 'N/A', 'W', '68', '48'], 15: ['Tue, Jan 19', 'Campbell', 'N/A', 'W', '97', '91'], 16: ['Wed, Jan 20', 'Campbell', 'N/A', 'W', '67', '61'], 17: ['Sun, Jan 24', 'UNC Asheville', 'N/A', 'L', '68', '76'], 18: ['Mon, Jan 25', 'UNC Asheville', 'N/A', 'W', '73', '63'], 19: ['Thu, Feb 4', 'South Carolina Upstate', 'N/A', 'W', '63', '61'], 20: ['Fri, Feb 5', 'South Carolina Upstate', 'N/A', 'W', '102', '66'], 21: ['Thu, Feb 11', 'Winthrop', 'N/A', 'L', '64', '80'], 22: ['Fri, Feb 12', 'Winthrop', 'N/A', 'L', '47', '55'], 23: ['Wed, Feb 17', 'Gardner-Webb', 'N/A', 'L', '57', '69'], 24: ['Thu, Feb 18', 'Gardner-Webb', 'N/A', 'L', '49', '77'], 25: ['Wed, Feb 24', 'Aloysius', 'N/A', 'W', '74', '51'], 26: ['Mon, Mar 1', 'Hampton', 'N/A', 'W', '67', '52'], 27: ['Thu, Mar 4', 'Campbell', 'N/A', 'L', '60', '78']}",0.47656898514655954
South Carolina Upstate,99,2908,Spartans,5,18,0.21739130434782608,"{1: ['Wed, Nov 25', 'Wesleyan', 'N/A', 'L', '72', '82'], 2: ['Sat, Nov 28', 'Furman', 'N/A', 'L', '63', '91'], 3: ['Wed, Dec 2', 'Eastern Kentucky', 'N/A', 'L', '78', '95'], 4: ['Sat, Dec 5', 'Georgia Southern', 'N/A', 'L', '69', '72'], 5: ['Sat, Dec 12', 'Winthrop', 'N/A', 'L', '77', '95'], 6: ['Sun, Dec 13', 'Winthrop', 'N/A', 'L', '77', '107'], 7: ['Tue, Dec 15', 'UNC Greensboro', 'N/A', 'L', '57', '65'], 8: ['Wed, Dec 23', 'Tennessee', '8', 'L', '60', '80'], 9: ['Wed, Dec 30', 'High Point', 'N/A', 'L', '52', '63'], 10: ['Thu, Dec 31', 'High Point', 'N/A', 'W', '60', '51'], 11: ['Mon, Jan 4', 'Longwood', 'N/A', 'W', '71', '69'], 12: ['Tue, Jan 5', 'Longwood', 'N/A', 'W', '65', '59'], 13: ['Thu, Jan 14', 'Hampton', 'N/A', 'L', '68', '69'], 14: ['Fri, Jan 15', 'Hampton', 'N/A', 'L', '74', '84'], 15: ['Thu, Feb 4', 'Radford', 'N/A', 'L', '61', '63'], 16: ['Fri, Feb 5', 'Radford', 'N/A', 'L', '66', '102'], 17: ['Mon, Feb 8', 'Gardner-Webb', 'N/A', 'W', '77', '69'], 18: ['Thu, Feb 11', 'Campbell', 'N/A', 'L', '71', '72'], 19: ['Fri, Feb 12', 'Campbell', 'N/A', 'L', '49', '64'], 20: ['Mon, Feb 15', 'Presbyterian', 'N/A', 'L', '65', '75'], 21: ['Thu, Feb 18', 'Presbyterian', 'N/A', 'W', '65', '51'], 22: ['Mon, Feb 22', 'Gardner-Webb', 'N/A', 'L', '58', '69'], 23: ['Sat, Feb 27', 'High Point', 'N/A', 'L', '60', '65']}",0.5732871848342068
UNC Asheville,100,2427,Bulldogs,10,10,0.5,"{1: ['Fri, Nov 27', 'UNC Wilmington', 'N/A', 'L', '68', '76'], 2: ['Sat, Nov 28', 'Western Carolina', 'N/A', 'L', '81', '83'], 3: ['Sat, Dec 5', 'South Carolina State', 'N/A', 'W', '77', '56'], 4: ['Sat, Dec 12', 'High Point', 'N/A', 'W', '80', '67'], 5: ['Sun, Dec 13', 'High Point', 'N/A', 'W', '90', '84'], 6: ['Wed, Dec 16', 'Chattanooga', 'N/A', 'L', '66', '69'], 7: ['Tue, Dec 22', 'Marshall', 'N/A', 'L', '67', '88'], 8: ['Wed, Dec 30', 'Longwood', 'N/A', 'W', '80', '73'], 9: ['Thu, Dec 31', 'Longwood', 'N/A', 'L', '55', '65'], 10: ['Sat, Jan 9', 'Hampton', 'N/A', 'L', '71', '73'], 11: ['Sun, Jan 10', 'Hampton', 'N/A', 'W', '85', '77'], 12: ['Thu, Jan 14', 'Charleston Southern', 'N/A', 'W', '92', '54'], 13: ['Fri, Jan 15', 'Charleston Southern', 'N/A', 'W', '83', '75'], 14: ['Tue, Jan 19', 'Gardner-Webb', 'N/A', 'W', '79', '75'], 15: ['Wed, Jan 20', 'Gardner-Webb', 'N/A', 'L', '57', '84'], 16: ['Sun, Jan 24', 'Radford', 'N/A', 'W', '76', '68'], 17: ['Mon, Jan 25', 'Radford', 'N/A', 'L', '63', '73'], 18: ['Thu, Jan 28', 'Winthrop', 'N/A', 'L', '80', '84'], 19: ['Fri, Jan 29', 'Winthrop', 'N/A', 'W', '57', '55'], 20: ['Mon, Mar 1', 'Longwood', 'N/A', 'L', '61', '77']}",0.46237735358323595
Winthrop,101,2737,Eagles,23,2,0.92,"{1: ['Fri, Mar 19', 'Villanova', '5', 'L', '63', '73'], 2: ['Tue, Dec 1', 'UNC Greensboro', 'N/A', 'W', '75', '67'], 3: ['Thu, Dec 3', 'Little Rock', 'N/A', 'W', '80', '75'], 4: ['Sat, Dec 12', 'South Carolina Upstate', 'N/A', 'W', '95', '77'], 5: ['Sun, Dec 13', 'South Carolina Upstate', 'N/A', 'W', '107', '77'], 6: ['Sat, Dec 19', 'Furman', 'N/A', 'W', '87', '71'], 7: ['Wed, Dec 30', 'Campbell', 'N/A', 'W', '84', '83'], 8: ['Thu, Dec 31', 'Campbell', 'N/A', 'W', '94', '76'], 9: ['Mon, Jan 4', 'Charleston Southern', 'N/A', 'W', '85', '69'], 10: ['Tue, Jan 5', 'Charleston Southern', 'N/A', 'W', '78', '76'], 11: ['Sat, Jan 9', 'Gardner-Webb', 'N/A', 'W', '75', '65'], 12: ['Sun, Jan 10', 'Gardner-Webb', 'N/A', 'W', '91', '83'], 13: ['Thu, Jan 14', 'Longwood', 'N/A', 'W', '72', '61'], 14: ['Fri, Jan 15', 'Longwood', 'N/A', 'W', '70', '50'], 15: ['Tue, Jan 19', 'Presbyterian', 'N/A', 'W', '72', '58'], 16: ['Wed, Jan 20', 'Presbyterian', 'N/A', 'W', '78', '66'], 17: ['Thu, Jan 28', 'UNC Asheville', 'N/A', 'W', '84', '80'], 18: ['Fri, Jan 29', 'UNC Asheville', 'N/A', 'L', '55', '57'], 19: ['Thu, Feb 11', 'Radford', 'N/A', 'W', '80', '64'], 20: ['Fri, Feb 12', 'Radford', 'N/A', 'W', '55', '47'], 21: ['Thu, Feb 18', 'High Point', 'N/A', 'W', '76', '70'], 22: ['Fri, Feb 19', 'High Point', 'N/A', 'W', '71', '63'], 23: ['Mon, Mar 1', 'High Point', 'N/A', 'W', '83', '54'], 24: ['Thu, Mar 4', 'Longwood', 'N/A', 'W', '82', '61'], 25: ['Sun, Mar 7', 'Campbell', 'N/A', 'W', '80', '53']}",0.4815974408200496
Illinois,102,356,Fighting Illini,24,7,0.7741935483870968,"{1: ['Fri, Mar 19', 'Drexel', '16', 'W', '78', '49'], 2: ['Sun, Mar 21', 'Loyola Chicago', '8', 'L', '58', '71'], 3: ['Wed, Nov 25', 'North Carolina A&T', 'N/A', 'W', '122', '60'], 4: ['Thu, Nov 26', 'Chicago State', 'N/A', 'W', '97', '38'], 5: ['Fri, Nov 27', 'Ohio', 'N/A', 'W', '77', '75'], 6: ['Wed, Dec 2', 'Baylor', '2', 'L', '69', '82'], 7: ['Tue, Dec 8', 'Duke', '10', 'W', '83', '68'], 8: ['Sat, Dec 12', 'Missouri', 'N/A', 'L', '78', '81'], 9: ['Tue, Dec 15', 'Minnesota', 'N/A', 'W', '92', '65'], 10: ['Sun, Dec 20', 'Rutgers', '19', 'L', '88', '91'], 11: ['Wed, Dec 23', 'Penn State', 'N/A', 'W', '98', '81'], 12: ['Sat, Dec 26', 'Indiana', 'N/A', 'W', '69', '60'], 13: ['Sat, Jan 2', 'Purdue', 'N/A', 'W', '66', '58'], 14: ['Thu, Jan 7', 'Northwestern', 'N/A', 'W', '81', '56'], 15: ['Sun, Jan 10', 'Maryland', 'N/A', 'L', '63', '66'], 16: ['Sat, Jan 16', 'Ohio State', '21', 'L', '81', '87'], 17: ['Tue, Jan 19', 'Penn State', 'N/A', 'W', '79', '65'], 18: ['Fri, Jan 29', 'Iowa', '7', 'W', '80', '75'], 19: ['Tue, Feb 2', 'Indiana', 'N/A', 'W', '75', '71'], 20: ['Sat, Feb 6', 'Wisconsin', '19', 'W', '75', '60'], 21: ['Fri, Feb 12', 'Nebraska', 'N/A', 'W', '77', '72'], 22: ['Tue, Feb 16', 'Northwestern', 'N/A', 'W', '73', '66'], 23: ['Sat, Feb 20', 'Minnesota', 'N/A', 'W', '94', '63'], 24: ['Tue, Feb 23', 'Michigan State', 'N/A', 'L', '72', '81'], 25: ['Thu, Feb 25', 'Nebraska', 'N/A', 'W', '86', '70'], 26: ['Sat, Feb 27', 'Wisconsin', '23', 'W', '74', '69'], 27: ['Tue, Mar 2', 'Michigan', '2', 'W', '76', '53'], 28: ['Sat, Mar 6', 'Ohio State', '7', 'W', '73', '68'], 29: ['Fri, Mar 12', 'Rutgers', 'N/A', 'W', '90', '68'], 30: ['Sat, Mar 13', 'Iowa', '5', 'W', '82', '71'], 31: ['Sun, Mar 14', 'Ohio State', '9', 'W', '91', '88']}",0.8234524039172573
Indiana,103,84,Hoosiers,12,15,0.4444444444444444,"{1: ['Wed, Nov 25', 'Tennessee Tech', 'N/A', 'W', '89', '59'], 2: ['Mon, Nov 30', 'Providence', 'N/A', 'W', '79', '58'], 3: ['Tue, Dec 1', 'Texas', '17', 'L', '44', '66'], 4: ['Wed, Dec 2', 'Stanford', 'N/A', 'W', '79', '63'], 5: ['Wed, Dec 9', 'Florida State', '20', 'L', '67', '69'], 6: ['Sun, Dec 13', 'North Alabama', 'N/A', 'W', '87', '52'], 7: ['Sat, Dec 19', 'Butler', 'N/A', 'W', '68', '60'], 8: ['Wed, Dec 23', 'Northwestern', 'N/A', 'L', '67', '74'], 9: ['Sat, Dec 26', 'Illinois', '18', 'L', '60', '69'], 10: ['Wed, Dec 30', 'Penn State', 'N/A', 'W', '87', '85'], 11: ['Mon, Jan 4', 'Maryland', 'N/A', 'W', '63', '55'], 12: ['Thu, Jan 7', 'Wisconsin', '8', 'L', '73', '80'], 13: ['Sun, Jan 10', 'Nebraska', 'N/A', 'W', '84', '76'], 14: ['Thu, Jan 14', 'Purdue', 'N/A', 'L', '69', '81'], 15: ['Thu, Jan 21', 'Iowa', '4', 'W', '81', '69'], 16: ['Sun, Jan 24', 'Rutgers', 'N/A', 'L', '70', '74'], 17: ['Tue, Feb 2', 'Illinois', '12', 'L', '71', '75'], 18: ['Sun, Feb 7', 'Iowa', '8', 'W', '67', '65'], 19: ['Wed, Feb 10', 'Northwestern', 'N/A', 'W', '79', '76'], 20: ['Sat, Feb 13', 'Ohio State', '4', 'L', '59', '78'], 21: ['Wed, Feb 17', 'Minnesota', 'N/A', 'W', '82', '72'], 22: ['Sat, Feb 20', 'Michigan State', 'N/A', 'L', '71', '78'], 23: ['Wed, Feb 24', 'Rutgers', 'N/A', 'L', '63', '74'], 24: ['Sat, Feb 27', 'Michigan', '3', 'L', '57', '73'], 25: ['Tue, Mar 2', 'Michigan State', 'N/A', 'L', '58', '64'], 26: ['Sat, Mar 6', 'Purdue', '23', 'L', '58', '67'], 27: ['Thu, Mar 11', 'Rutgers', 'N/A', 'L', '50', '61']}",0.8017918350282293
Iowa,104,2294,Hawkeyes,22,8,0.7333333333333333,"{1: ['Sat, Mar 20', 'Grand Canyon', '15', 'W', '86', '74'], 2: ['Wed, Nov 25', 'North Carolina Central', 'N/A', 'W', '97', '67'], 3: ['Fri, Nov 27', 'Southern', 'N/A', 'W', '103', '76'], 4: ['Thu, Dec 3', 'Western Illinois', 'N/A', 'W', '99', '58'], 5: ['Tue, Dec 8', 'North Carolina', '16', 'W', '93', '80'], 6: ['Fri, Dec 11', 'Iowa State', 'N/A', 'W', '105', '77'], 7: ['Sun, Dec 13', 'Northern Illinois', 'N/A', 'W', '106', '53'], 8: ['Sat, Dec 19', 'Gonzaga', '1', 'L', '88', '99'], 9: ['Tue, Dec 22', 'Purdue', 'N/A', 'W', '70', '55'], 10: ['Fri, Dec 25', 'Minnesota', 'N/A', 'L', '95', '102'], 11: ['Tue, Dec 29', 'Northwestern', '19', 'W', '87', '72'], 12: ['Sat, Jan 2', 'Rutgers', '14', 'W', '77', '75'], 13: ['Thu, Jan 7', 'Maryland', 'N/A', 'W', '89', '67'], 14: ['Sun, Jan 10', 'Minnesota', '16', 'W', '86', '71'], 15: ['Sun, Jan 17', 'Northwestern', 'N/A', 'W', '96', '73'], 16: ['Thu, Jan 21', 'Indiana', 'N/A', 'L', '69', '81'], 17: ['Fri, Jan 29', 'Illinois', '19', 'L', '75', '80'], 18: ['Tue, Feb 2', 'Michigan State', 'N/A', 'W', '84', '78'], 19: ['Thu, Feb 4', 'Ohio State', '7', 'L', '85', '89'], 20: ['Sun, Feb 7', 'Indiana', 'N/A', 'L', '65', '67'], 21: ['Wed, Feb 10', 'Rutgers', '25', 'W', '79', '66'], 22: ['Sat, Feb 13', 'Michigan State', 'N/A', 'W', '88', '58'], 23: ['Thu, Feb 18', 'Wisconsin', '21', 'W', '77', '62'], 24: ['Sun, Feb 21', 'Penn State', 'N/A', 'W', '74', '68'], 25: ['Thu, Feb 25', 'Michigan', '3', 'L', '57', '79'], 26: ['Sun, Feb 28', 'Ohio State', '4', 'W', '73', '57'], 27: ['Thu, Mar 4', 'Nebraska', 'N/A', 'W', '102', '64'], 28: ['Sun, Mar 7', 'Wisconsin', '25', 'W', '77', '73'], 29: ['Fri, Mar 12', 'Wisconsin', 'N/A', 'W', '62', '57'], 30: ['Sat, Mar 13', 'Illinois', '3', 'L', '71', '82']}",0.788853087052414
Maryland,105,120,Terrapins,17,13,0.5666666666666667,"{1: ['Sat, Mar 20', 'UConn', '7', 'W', '63', '54'], 2: ['Wed, Nov 25', 'Old Dominion', 'N/A', 'W', '85', '67'], 3: ['Fri, Nov 27', 'Navy', 'N/A', 'W', '82', '52'], 4: ['Sun, Nov 29', ""Mount St. Mary's"", 'N/A', 'W', '79', '61'], 5: ['Fri, Dec 4', ""Saint Peter's"", 'N/A', 'W', '90', '57'], 6: ['Wed, Dec 9', 'Clemson', 'N/A', 'L', '51', '67'], 7: ['Mon, Dec 14', 'Rutgers', '19', 'L', '60', '74'], 8: ['Tue, Dec 22', 'La Salle', 'N/A', 'W', '84', '71'], 9: ['Fri, Dec 25', 'Purdue', 'N/A', 'L', '70', '73'], 10: ['Mon, Dec 28', 'Wisconsin', '6', 'W', '70', '64'], 11: ['Thu, Dec 31', 'Michigan', '16', 'L', '73', '84'], 12: ['Mon, Jan 4', 'Indiana', 'N/A', 'L', '55', '63'], 13: ['Thu, Jan 7', 'Iowa', '5', 'L', '67', '89'], 14: ['Sun, Jan 10', 'Illinois', '12', 'W', '66', '63'], 15: ['Fri, Jan 15', '', 'N/A', 'W', '100', '58'], 16: ['Tue, Jan 19', 'Michigan', '7', 'L', '63', '87'], 17: ['Sat, Jan 23', 'Minnesota', '17', 'W', '63', '49'], 18: ['Wed, Jan 27', 'Wisconsin', '14', 'L', '55', '61'], 19: ['Tue, Feb 2', 'Purdue', '24', 'W', '61', '60'], 20: ['Fri, Feb 5', 'Penn State', 'N/A', 'L', '50', '55'], 21: ['Mon, Feb 8', 'Ohio State', '4', 'L', '65', '73'], 22: ['Sun, Feb 14', 'Minnesota', 'N/A', 'W', '72', '59'], 23: ['Tue, Feb 16', 'Nebraska', 'N/A', 'W', '64', '50'], 24: ['Wed, Feb 17', 'Nebraska', 'N/A', 'W', '79', '71'], 25: ['Sun, Feb 21', 'Rutgers', 'N/A', 'W', '68', '59'], 26: ['Sun, Feb 28', 'Michigan State', 'N/A', 'W', '73', '55'], 27: ['Wed, Mar 3', 'Northwestern', 'N/A', 'L', '55', '60'], 28: ['Sun, Mar 7', 'Penn State', 'N/A', 'L', '61', '66'], 29: ['Thu, Mar 11', 'Michigan State', 'N/A', 'W', '68', '57'], 30: ['Fri, Mar 12', 'Michigan', '4', 'L', '66', '79']}",0.8491769573217877
Michigan State,106,127,Spartans,15,13,0.5357142857142857,"{1: ['Thu, Mar 18', 'UCLA', '11', 'L', '80', '86'], 2: ['Wed, Nov 25', 'Eastern Michigan', 'N/A', 'W', '83', '67'], 3: ['Sat, Nov 28', 'Notre Dame', 'N/A', 'W', '80', '70'], 4: ['Tue, Dec 1', 'Duke', '6', 'W', '75', '69'], 5: ['Fri, Dec 4', 'Detroit Mercy', 'N/A', 'W', '83', '76'], 6: ['Sun, Dec 6', 'Western Michigan', 'N/A', 'W', '79', '61'], 7: ['Sun, Dec 13', 'Oakland', 'N/A', 'W', '109', '91'], 8: ['Sun, Dec 20', 'Northwestern', 'N/A', 'L', '65', '79'], 9: ['Fri, Dec 25', 'Wisconsin', '9', 'L', '76', '85'], 10: ['Mon, Dec 28', 'Minnesota', '21', 'L', '56', '81'], 11: ['Sat, Jan 2', 'Nebraska', 'N/A', 'W', '84', '77'], 12: ['Tue, Jan 5', 'Rutgers', '15', 'W', '68', '45'], 13: ['Fri, Jan 8', 'Purdue', 'N/A', 'L', '54', '55'], 14: ['Thu, Jan 28', 'Rutgers', 'N/A', 'L', '37', '67'], 15: ['Sun, Jan 31', 'Ohio State', '13', 'L', '62', '79'], 16: ['Tue, Feb 2', 'Iowa', '8', 'L', '78', '84'], 17: ['Sat, Feb 6', 'Nebraska', 'N/A', 'W', '66', '56'], 18: ['Tue, Feb 9', 'Penn State', 'N/A', 'W', '60', '58'], 19: ['Sat, Feb 13', 'Iowa', '15', 'L', '58', '88'], 20: ['Tue, Feb 16', 'Purdue', 'N/A', 'L', '65', '75'], 21: ['Sat, Feb 20', 'Indiana', 'N/A', 'W', '78', '71'], 22: ['Tue, Feb 23', 'Illinois', '5', 'W', '81', '72'], 23: ['Thu, Feb 25', 'Ohio State', '4', 'W', '71', '67'], 24: ['Sun, Feb 28', 'Maryland', 'N/A', 'L', '55', '73'], 25: ['Tue, Mar 2', 'Indiana', 'N/A', 'W', '64', '58'], 26: ['Thu, Mar 4', 'Michigan', '2', 'L', '50', '69'], 27: ['Sun, Mar 7', 'Michigan', '2', 'W', '70', '64'], 28: ['Thu, Mar 11', 'Maryland', 'N/A', 'L', '57', '68']}",0.8624383709601015
Michigan,107,130,Wolverines,21,4,0.84,"{1: ['Sat, Mar 20', 'Texas Southern', '16', 'W', '82', '66'], 2: ['Wed, Nov 25', 'Bowling Green', 'N/A', 'W', '96', '82'], 3: ['Sun, Nov 29', 'Oakland', 'N/A', 'W', '81', '71'], 4: ['Wed, Dec 2', 'Ball State', 'N/A', 'W', '84', '65'], 5: ['Sun, Dec 6', 'UCF', 'N/A', 'W', '80', '58'], 6: ['Wed, Dec 9', 'Toledo', 'N/A', 'W', '91', '71'], 7: ['Sun, Dec 13', 'Penn State', 'N/A', 'W', '62', '58'], 8: ['Fri, Dec 25', 'Nebraska', 'N/A', 'W', '80', '69'], 9: ['Thu, Dec 31', 'Maryland', 'N/A', 'W', '84', '73'], 10: ['Sun, Jan 3', 'Northwestern', '19', 'W', '85', '66'], 11: ['Wed, Jan 6', 'Minnesota', '16', 'W', '82', '57'], 12: ['Tue, Jan 12', 'Wisconsin', '9', 'W', '77', '54'], 13: ['Sat, Jan 16', 'Minnesota', '23', 'L', '57', '75'], 14: ['Tue, Jan 19', 'Maryland', 'N/A', 'W', '87', '63'], 15: ['Fri, Jan 22', 'Purdue', 'N/A', 'W', '70', '53'], 16: ['Sun, Feb 14', 'Wisconsin', '21', 'W', '67', '59'], 17: ['Thu, Feb 18', 'Rutgers', 'N/A', 'W', '71', '64'], 18: ['Sun, Feb 21', 'Ohio State', '4', 'W', '92', '87'], 19: ['Thu, Feb 25', 'Iowa', '9', 'W', '79', '57'], 20: ['Sat, Feb 27', 'Indiana', 'N/A', 'W', '73', '57'], 21: ['Tue, Mar 2', 'Illinois', '4', 'L', '53', '76'], 22: ['Thu, Mar 4', 'Michigan State', 'N/A', 'W', '69', '50'], 23: ['Sun, Mar 7', 'Michigan State', 'N/A', 'L', '64', '70'], 24: ['Fri, Mar 12', 'Maryland', 'N/A', 'W', '79', '66'], 25: ['Sat, Mar 13', 'Ohio State', '9', 'L', '67', '68']}",0.7784657919218735
Minnesota,108,135,Golden Gophers,14,15,0.4827586206896552,"{1: ['Wed, Nov 25', 'Green Bay', 'N/A', 'W', '99', '69'], 2: ['Sat, Nov 28', 'Loyola Marymount', 'N/A', 'W', '88', '73'], 3: ['Mon, Nov 30', 'Loyola Marymount', 'N/A', 'W', '67', '64'], 4: ['Fri, Dec 4', 'North Dakota', 'N/A', 'W', '76', '67'], 5: ['Tue, Dec 8', 'Boston College', 'N/A', 'W', '85', '80'], 6: ['Thu, Dec 10', 'UM Kansas City', 'N/A', 'W', '90', '61'], 7: ['Tue, Dec 15', 'Illinois', '13', 'L', '65', '92'], 8: ['Sun, Dec 20', 'Saint Louis', 'N/A', 'W', '90', '82'], 9: ['Fri, Dec 25', 'Iowa', '4', 'W', '102', '95'], 10: ['Mon, Dec 28', 'Michigan State', '17', 'W', '81', '56'], 11: ['Thu, Dec 31', 'Wisconsin', '6', 'L', '59', '71'], 12: ['Sun, Jan 3', 'Ohio State', '25', 'W', '77', '60'], 13: ['Wed, Jan 6', 'Michigan', '10', 'L', '57', '82'], 14: ['Sun, Jan 10', 'Iowa', '5', 'L', '71', '86'], 15: ['Sat, Jan 16', 'Michigan', '7', 'W', '75', '57'], 16: ['Sat, Jan 23', 'Maryland', 'N/A', 'L', '49', '63'], 17: ['Sat, Jan 30', 'Purdue', 'N/A', 'L', '62', '81'], 18: ['Thu, Feb 4', 'Rutgers', 'N/A', 'L', '72', '76'], 19: ['Mon, Feb 8', 'Nebraska', 'N/A', 'W', '79', '61'], 20: ['Thu, Feb 11', 'Purdue', '24', 'W', '71', '68'], 21: ['Sun, Feb 14', 'Maryland', 'N/A', 'L', '59', '72'], 22: ['Wed, Feb 17', 'Indiana', 'N/A', 'L', '72', '82'], 23: ['Sat, Feb 20', 'Illinois', '5', 'L', '63', '94'], 24: ['Thu, Feb 25', 'Northwestern', 'N/A', 'L', '59', '67'], 25: ['Sat, Feb 27', 'Nebraska', 'N/A', 'L', '74', '78'], 26: ['Wed, Mar 3', 'Penn State', 'N/A', 'L', '65', '84'], 27: ['Sat, Mar 6', 'Rutgers', 'N/A', 'L', '70', '77'], 28: ['Wed, Mar 10', 'Northwestern', 'N/A', 'W', '51', '46'], 29: ['Thu, Mar 11', 'Ohio State', '9', 'L', '75', '79']}",0.7993248177686442
Nebraska,109,158,Cornhuskers,7,20,0.25925925925925924,"{1: ['Wed, Nov 25', 'McNeese', 'N/A', 'W', '102', '55'], 2: ['Thu, Nov 26', 'Nevada', 'N/A', 'L', '66', '69'], 3: ['Sat, Nov 28', 'North Dakota State', 'N/A', 'W', '79', '57'], 4: ['Tue, Dec 1', 'South Dakota', 'N/A', 'W', '76', '69'], 5: ['Wed, Dec 9', 'Georgia Tech', 'N/A', 'L', '64', '75'], 6: ['Fri, Dec 11', 'Creighton', '8', 'L', '74', '98'], 7: ['Thu, Dec 17', '', 'N/A', 'W', '110', '64'], 8: ['Tue, Dec 22', 'Wisconsin', '9', 'L', '53', '67'], 9: ['Fri, Dec 25', 'Michigan', '19', 'L', '69', '80'], 10: ['Wed, Dec 30', 'Ohio State', '25', 'L', '54', '90'], 11: ['Sat, Jan 2', 'Michigan State', '17', 'L', '77', '84'], 12: ['Sun, Jan 10', 'Indiana', 'N/A', 'L', '76', '84'], 13: ['Sat, Feb 6', 'Michigan State', 'N/A', 'L', '56', '66'], 14: ['Mon, Feb 8', 'Minnesota', 'N/A', 'L', '61', '79'], 15: ['Wed, Feb 10', 'Wisconsin', '21', 'L', '48', '61'], 16: ['Fri, Feb 12', 'Illinois', '6', 'L', '72', '77'], 17: ['Sun, Feb 14', 'Penn State', 'N/A', 'W', '62', '61'], 18: ['Tue, Feb 16', 'Maryland', 'N/A', 'L', '50', '64'], 19: ['Wed, Feb 17', 'Maryland', 'N/A', 'L', '71', '79'], 20: ['Sat, Feb 20', 'Purdue', 'N/A', 'L', '58', '75'], 21: ['Tue, Feb 23', 'Penn State', 'N/A', 'L', '83', '86'], 22: ['Thu, Feb 25', 'Illinois', '5', 'L', '70', '86'], 23: ['Sat, Feb 27', 'Minnesota', 'N/A', 'W', '78', '74'], 24: ['Mon, Mar 1', 'Rutgers', 'N/A', 'W', '72', '51'], 25: ['Thu, Mar 4', 'Iowa', '5', 'L', '64', '102'], 26: ['Sun, Mar 7', 'Northwestern', 'N/A', 'L', '78', '79'], 27: ['Wed, Mar 10', 'Penn State', 'N/A', 'L', '66', '72']}",0.7800005718796256
Northwestern,110,77,Wildcats,9,15,0.375,"{1: ['Wed, Dec 2', 'Arkansas-Pine Bluff', 'N/A', 'W', '92', '49'], 2: ['Sat, Dec 5', 'Chicago State', 'N/A', 'W', '111', '66'], 3: ['Wed, Dec 9', 'Pittsburgh', 'N/A', 'L', '70', '71'], 4: ['Tue, Dec 15', '', 'N/A', 'W', '100', '48'], 5: ['Sun, Dec 20', 'Michigan State', '4', 'W', '79', '65'], 6: ['Wed, Dec 23', 'Indiana', 'N/A', 'W', '74', '67'], 7: ['Sat, Dec 26', 'Ohio State', '23', 'W', '71', '70'], 8: ['Tue, Dec 29', 'Iowa', '10', 'L', '72', '87'], 9: ['Sun, Jan 3', 'Michigan', '16', 'L', '66', '85'], 10: ['Thu, Jan 7', 'Illinois', '12', 'L', '56', '81'], 11: ['Wed, Jan 13', 'Ohio State', '21', 'L', '71', '81'], 12: ['Sun, Jan 17', 'Iowa', '5', 'L', '73', '96'], 13: ['Wed, Jan 20', 'Wisconsin', '10', 'L', '52', '68'], 14: ['Sat, Jan 23', 'Penn State', 'N/A', 'L', '78', '81'], 15: ['Sun, Jan 31', 'Rutgers', 'N/A', 'L', '56', '64'], 16: ['Sat, Feb 6', 'Purdue', '24', 'L', '70', '75'], 17: ['Wed, Feb 10', 'Indiana', 'N/A', 'L', '76', '79'], 18: ['Sat, Feb 13', 'Rutgers', '25', 'L', '50', '64'], 19: ['Tue, Feb 16', 'Illinois', '5', 'L', '66', '73'], 20: ['Sun, Feb 21', 'Wisconsin', '21', 'L', '51', '68'], 21: ['Thu, Feb 25', 'Minnesota', 'N/A', 'W', '67', '59'], 22: ['Wed, Mar 3', 'Maryland', 'N/A', 'W', '60', '55'], 23: ['Sun, Mar 7', 'Nebraska', 'N/A', 'W', '79', '78'], 24: ['Wed, Mar 10', 'Minnesota', 'N/A', 'L', '46', '51']}",0.8023398660954398
Ohio State,111,194,Buckeyes,21,10,0.6774193548387096,"{1: ['Fri, Mar 19', 'Oral Roberts', '15', 'L', '72', '75'], 2: ['Wed, Nov 25', 'Illinois State', 'N/A', 'W', '94', '67'], 3: ['Sun, Nov 29', 'UMass Lowell', 'N/A', 'W', '74', '64'], 4: ['Wed, Dec 2', 'Morehead State', 'N/A', 'W', '77', '44'], 5: ['Tue, Dec 8', 'Notre Dame', 'N/A', 'W', '90', '85'], 6: ['Sun, Dec 13', 'Cleveland State', 'N/A', 'W', '67', '61'], 7: ['Wed, Dec 16', 'Purdue', 'N/A', 'L', '60', '67'], 8: ['Sat, Dec 19', 'UCLA', 'N/A', 'W', '77', '70'], 9: ['Wed, Dec 23', 'Rutgers', '11', 'W', '80', '68'], 10: ['Sat, Dec 26', 'Northwestern', 'N/A', 'L', '70', '71'], 11: ['Wed, Dec 30', 'Nebraska', 'N/A', 'W', '90', '54'], 12: ['Sun, Jan 3', 'Minnesota', '21', 'L', '60', '77'], 13: ['Sat, Jan 9', 'Rutgers', '15', 'W', '79', '68'], 14: ['Wed, Jan 13', 'Northwestern', 'N/A', 'W', '81', '71'], 15: ['Sat, Jan 16', 'Illinois', '14', 'W', '87', '81'], 16: ['Tue, Jan 19', 'Purdue', 'N/A', 'L', '65', '67'], 17: ['Sat, Jan 23', 'Wisconsin', '10', 'W', '74', '62'], 18: ['Wed, Jan 27', 'Penn State', 'N/A', 'W', '83', '79'], 19: ['Sun, Jan 31', 'Michigan State', 'N/A', 'W', '79', '62'], 20: ['Thu, Feb 4', 'Iowa', '8', 'W', '89', '85'], 21: ['Mon, Feb 8', 'Maryland', 'N/A', 'W', '73', '65'], 22: ['Sat, Feb 13', 'Indiana', 'N/A', 'W', '78', '59'], 23: ['Thu, Feb 18', 'Penn State', 'N/A', 'W', '92', '82'], 24: ['Sun, Feb 21', 'Michigan', '3', 'L', '87', '92'], 25: ['Thu, Feb 25', 'Michigan State', 'N/A', 'L', '67', '71'], 26: ['Sun, Feb 28', 'Iowa', '9', 'L', '57', '73'], 27: ['Sat, Mar 6', 'Illinois', '4', 'L', '68', '73'], 28: ['Thu, Mar 11', 'Minnesota', 'N/A', 'W', '79', '75'], 29: ['Fri, Mar 12', 'Purdue', '20', 'W', '87', '78'], 30: ['Sat, Mar 13', 'Michigan', '4', 'W', '68', '67'], 31: ['Sun, Mar 14', 'Illinois', '3', 'L', '88', '91']}",0.8671013970474519
Penn State,112,213,Nittany Lions,11,14,0.44,"{1: ['Sat, Nov 28', 'VMI', 'N/A', 'W', '86', '65'], 2: ['Wed, Dec 2', 'VCU', 'N/A', 'W', '72', '69'], 3: ['Sun, Dec 6', 'Seton Hall', 'N/A', 'L', '92', '98'], 4: ['Tue, Dec 8', 'Virginia Tech', '15', 'W', '75', '55'], 5: ['Sun, Dec 13', 'Michigan', 'N/A', 'L', '58', '62'], 6: ['Wed, Dec 23', 'Illinois', '18', 'L', '81', '98'], 7: ['Wed, Dec 30', 'Indiana', 'N/A', 'L', '85', '87'], 8: ['Sun, Jan 17', 'Purdue', 'N/A', 'L', '72', '80'], 9: ['Tue, Jan 19', 'Illinois', '22', 'L', '65', '79'], 10: ['Thu, Jan 21', 'Rutgers', 'N/A', 'W', '75', '67'], 11: ['Sat, Jan 23', 'Northwestern', 'N/A', 'W', '81', '78'], 12: ['Wed, Jan 27', 'Ohio State', '13', 'L', '79', '83'], 13: ['Sat, Jan 30', 'Wisconsin', '14', 'W', '81', '71'], 14: ['Tue, Feb 2', 'Wisconsin', '19', 'L', '56', '72'], 15: ['Fri, Feb 5', 'Maryland', 'N/A', 'W', '55', '50'], 16: ['Tue, Feb 9', 'Michigan State', 'N/A', 'L', '58', '60'], 17: ['Sun, Feb 14', 'Nebraska', 'N/A', 'L', '61', '62'], 18: ['Thu, Feb 18', 'Ohio State', '4', 'L', '82', '92'], 19: ['Sun, Feb 21', 'Iowa', '11', 'L', '68', '74'], 20: ['Tue, Feb 23', 'Nebraska', 'N/A', 'W', '86', '83'], 21: ['Fri, Feb 26', 'Purdue', 'N/A', 'L', '52', '73'], 22: ['Wed, Mar 3', 'Minnesota', 'N/A', 'W', '84', '65'], 23: ['Sun, Mar 7', 'Maryland', 'N/A', 'W', '66', '61'], 24: ['Wed, Mar 10', 'Nebraska', 'N/A', 'W', '72', '66'], 25: ['Thu, Mar 11', 'Wisconsin', 'N/A', 'L', '74', '75']}",0.7327148147185077
Purdue,113,2509,Boilermakers,18,10,0.6428571428571429,"{1: ['Fri, Mar 19', 'North Texas', '13', 'L', '69', '78'], 2: ['Wed, Nov 25', 'Liberty', 'N/A', 'W', '77', '64'], 3: ['Thu, Nov 26', 'Clemson', 'N/A', 'L', '70', '81'], 4: ['Tue, Dec 1', 'Oakland', 'N/A', 'W', '93', '50'], 5: ['Fri, Dec 4', 'Valparaiso', 'N/A', 'W', '68', '61'], 6: ['Tue, Dec 8', 'Miami', 'N/A', 'L', '54', '58'], 7: ['Sat, Dec 12', 'Indiana State', 'N/A', 'W', '80', '68'], 8: ['Wed, Dec 16', 'Ohio State', '20', 'W', '67', '60'], 9: ['Sat, Dec 19', 'Notre Dame', 'N/A', 'W', '88', '78'], 10: ['Tue, Dec 22', 'Iowa', '4', 'L', '55', '70'], 11: ['Fri, Dec 25', 'Maryland', 'N/A', 'W', '73', '70'], 12: ['Tue, Dec 29', 'Rutgers', '14', 'L', '76', '81'], 13: ['Sat, Jan 2', 'Illinois', '15', 'L', '58', '66'], 14: ['Fri, Jan 8', 'Michigan State', '23', 'W', '55', '54'], 15: ['Thu, Jan 14', 'Indiana', 'N/A', 'W', '81', '69'], 16: ['Sun, Jan 17', 'Penn State', 'N/A', 'W', '80', '72'], 17: ['Tue, Jan 19', 'Ohio State', '15', 'W', '67', '65'], 18: ['Fri, Jan 22', 'Michigan', '7', 'L', '53', '70'], 19: ['Sat, Jan 30', 'Minnesota', '21', 'W', '81', '62'], 20: ['Tue, Feb 2', 'Maryland', 'N/A', 'L', '60', '61'], 21: ['Sat, Feb 6', 'Northwestern', 'N/A', 'W', '75', '70'], 22: ['Thu, Feb 11', 'Minnesota', 'N/A', 'L', '68', '71'], 23: ['Tue, Feb 16', 'Michigan State', 'N/A', 'W', '75', '65'], 24: ['Sat, Feb 20', 'Nebraska', 'N/A', 'W', '75', '58'], 25: ['Fri, Feb 26', 'Penn State', 'N/A', 'W', '73', '52'], 26: ['Tue, Mar 2', 'Wisconsin', '25', 'W', '73', '69'], 27: ['Sat, Mar 6', 'Indiana', 'N/A', 'W', '67', '58'], 28: ['Fri, Mar 12', 'Ohio State', '9', 'L', '78', '87']}",0.7386956045217208
Rutgers,114,164,Scarlet Knights,16,11,0.5925925925925926,"{1: ['Fri, Mar 19', 'Clemson', '7', 'W', '60', '56'], 2: ['Wed, Nov 25', 'Sacred Heart', 'N/A', 'W', '86', '63'], 3: ['Fri, Nov 27', 'Fairleigh Dickinson', 'N/A', 'W', '96', '75'], 4: ['Sun, Nov 29', 'Hofstra', 'N/A', 'W', '70', '56'], 5: ['Tue, Dec 8', 'Syracuse', 'N/A', 'W', '79', '69'], 6: ['Mon, Dec 14', 'Maryland', 'N/A', 'W', '74', '60'], 7: ['Sun, Dec 20', 'Illinois', '13', 'W', '91', '88'], 8: ['Wed, Dec 23', 'Ohio State', '23', 'L', '68', '80'], 9: ['Tue, Dec 29', 'Purdue', 'N/A', 'W', '81', '76'], 10: ['Sat, Jan 2', 'Iowa', '10', 'L', '75', '77'], 11: ['Tue, Jan 5', 'Michigan State', '23', 'L', '45', '68'], 12: ['Sat, Jan 9', 'Ohio State', 'N/A', 'L', '68', '79'], 13: ['Fri, Jan 15', 'Wisconsin', '9', 'L', '54', '60'], 14: ['Thu, Jan 21', 'Penn State', 'N/A', 'L', '67', '75'], 15: ['Sun, Jan 24', 'Indiana', 'N/A', 'W', '74', '70'], 16: ['Thu, Jan 28', 'Michigan State', 'N/A', 'W', '67', '37'], 17: ['Sun, Jan 31', 'Northwestern', 'N/A', 'W', '64', '56'], 18: ['Thu, Feb 4', 'Minnesota', 'N/A', 'W', '76', '72'], 19: ['Wed, Feb 10', 'Iowa', '15', 'L', '66', '79'], 20: ['Sat, Feb 13', 'Northwestern', 'N/A', 'W', '64', '50'], 21: ['Thu, Feb 18', 'Michigan', '3', 'L', '64', '71'], 22: ['Sun, Feb 21', 'Maryland', 'N/A', 'L', '59', '68'], 23: ['Wed, Feb 24', 'Indiana', 'N/A', 'W', '74', '63'], 24: ['Mon, Mar 1', 'Nebraska', 'N/A', 'L', '51', '72'], 25: ['Sat, Mar 6', 'Minnesota', 'N/A', 'W', '77', '70'], 26: ['Thu, Mar 11', 'Indiana', 'N/A', 'W', '61', '50'], 27: ['Fri, Mar 12', 'Illinois', '3', 'L', '68', '90']}",0.7700673052087864
Wisconsin,115,275,Badgers,18,13,0.5806451612903226,"{1: ['Fri, Mar 19', 'North Carolina', '8', 'W', '85', '62'], 2: ['Sun, Mar 21', 'Baylor', '1', 'L', '63', '76'], 3: ['Wed, Nov 25', 'Eastern Illinois', 'N/A', 'W', '77', '67'], 4: ['Fri, Nov 27', 'Arkansas-Pine Bluff', 'N/A', 'W', '92', '58'], 5: ['Tue, Dec 1', 'Green Bay', 'N/A', 'W', '82', '42'], 6: ['Fri, Dec 4', 'Marquette', 'N/A', 'L', '65', '67'], 7: ['Wed, Dec 9', 'Rhode Island', 'N/A', 'W', '73', '62'], 8: ['Tue, Dec 15', 'Loyola Chicago', 'N/A', 'W', '77', '63'], 9: ['Sat, Dec 19', 'Louisville', '23', 'W', '85', '48'], 10: ['Tue, Dec 22', 'Nebraska', 'N/A', 'W', '67', '53'], 11: ['Fri, Dec 25', 'Michigan State', '12', 'W', '85', '76'], 12: ['Mon, Dec 28', 'Maryland', 'N/A', 'L', '64', '70'], 13: ['Thu, Dec 31', 'Minnesota', '21', 'W', '71', '59'], 14: ['Thu, Jan 7', 'Indiana', 'N/A', 'W', '80', '73'], 15: ['Tue, Jan 12', 'Michigan', '7', 'L', '54', '77'], 16: ['Fri, Jan 15', 'Rutgers', 'N/A', 'W', '60', '54'], 17: ['Wed, Jan 20', 'Northwestern', 'N/A', 'W', '68', '52'], 18: ['Sat, Jan 23', 'Ohio State', '15', 'L', '62', '74'], 19: ['Wed, Jan 27', 'Maryland', 'N/A', 'W', '61', '55'], 20: ['Sat, Jan 30', 'Penn State', 'N/A', 'L', '71', '81'], 21: ['Tue, Feb 2', 'Penn State', 'N/A', 'W', '72', '56'], 22: ['Sat, Feb 6', 'Illinois', '12', 'L', '60', '75'], 23: ['Wed, Feb 10', 'Nebraska', 'N/A', 'W', '61', '48'], 24: ['Sun, Feb 14', 'Michigan', '3', 'L', '59', '67'], 25: ['Thu, Feb 18', 'Iowa', '11', 'L', '62', '77'], 26: ['Sun, Feb 21', 'Northwestern', 'N/A', 'W', '68', '51'], 27: ['Sat, Feb 27', 'Illinois', '5', 'L', '69', '74'], 28: ['Tue, Mar 2', 'Purdue', '23', 'L', '69', '73'], 29: ['Sun, Mar 7', 'Iowa', '5', 'L', '73', '77'], 30: ['Thu, Mar 11', 'Penn State', 'N/A', 'W', '75', '74'], 31: ['Fri, Mar 12', 'Iowa', '5', 'L', '57', '62']}",0.8597830144997968
CSU Bakersfield,116,2934,Roadrunners,15,11,0.5769230769230769,"{1: ['Wed, Dec 2', 'Santa Clara', 'N/A', 'L', '47', '53'], 2: ['Mon, Dec 7', '', 'N/A', 'W', '94', '43'], 3: ['Wed, Dec 9', 'Arizona', 'N/A', 'L', '60', '85'], 4: ['Sat, Dec 12', 'Idaho', 'N/A', 'W', '76', '66'], 5: ['Sat, Dec 19', 'Katherine', 'N/A', 'W', '87', '46'], 6: ['Mon, Dec 21', 'Stanford', 'N/A', 'L', '50', '63'], 7: ['Wed, Dec 23', 'Pepperdine', 'N/A', 'W', '79', '51'], 8: ['Fri, Jan 1', 'Long Beach State', 'N/A', 'L', '89', '90'], 9: ['Sat, Jan 2', 'Long Beach State', 'N/A', 'W', '89', '76'], 10: ['Fri, Jan 8', 'Cal Poly', 'N/A', 'W', '62', '49'], 11: ['Sat, Jan 9', 'Cal Poly', 'N/A', 'W', '65', '50'], 12: ['Fri, Jan 15', ""Hawai'i"", 'N/A', 'W', '60', '55'], 13: ['Sat, Jan 16', ""Hawai'i"", 'N/A', 'W', '83', '72'], 14: ['Fri, Jan 22', 'UC Riverside', 'N/A', 'W', '47', '45'], 15: ['Sat, Jan 23', 'UC Riverside', 'N/A', 'L', '63', '70'], 16: ['Fri, Jan 29', 'CSU Fullerton', 'N/A', 'L', '84', '90'], 17: ['Sat, Jan 30', 'CSU Fullerton', 'N/A', 'W', '83', '73'], 18: ['Fri, Feb 5', 'UC Irvine', 'N/A', 'L', '53', '70'], 19: ['Sat, Feb 6', 'UC Irvine', 'N/A', 'W', '62', '57'], 20: ['Fri, Feb 12', 'UC San Diego', 'N/A', 'W', '76', '71'], 21: ['Sat, Feb 13', 'UC San Diego', 'N/A', 'W', '65', '50'], 22: ['Fri, Feb 19', 'UC Santa Barbara', 'N/A', 'L', '66', '71'], 23: ['Sat, Feb 20', 'UC Santa Barbara', 'N/A', 'L', '44', '63'], 24: ['Fri, Feb 26', 'CSU Northridge', 'N/A', 'W', '84', '58'], 25: ['Sat, Feb 27', 'CSU Northridge', 'N/A', 'L', '87', '90'], 26: ['Thu, Mar 11', 'UC Davis', 'N/A', 'L', '56', '58']}",0.48118313694294085
CSU Fullerton,117,2239,Titans,6,10,0.375,"{1: ['Sun, Dec 13', 'Diego Christian', 'N/A', 'W', '94', '70'], 2: ['Fri, Jan 1', 'UC Santa Barbara', 'N/A', 'L', '63', '81'], 3: ['Sat, Jan 2', 'UC Santa Barbara', 'N/A', 'L', '61', '65'], 4: ['Fri, Jan 8', 'Long Beach State', 'N/A', 'L', '80', '82'], 5: ['Sat, Jan 9', 'Long Beach State', 'N/A', 'W', '75', '72'], 6: ['Sat, Jan 16', 'CSU Northridge', 'N/A', 'L', '85', '86'], 7: ['Sun, Jan 17', 'CSU Northridge', 'N/A', 'W', '85', '77'], 8: ['Fri, Jan 22', ""Hawai'i"", 'N/A', 'W', '83', '67'], 9: ['Sat, Jan 23', ""Hawai'i"", 'N/A', 'L', '53', '76'], 10: ['Fri, Jan 29', 'CSU Bakersfield', 'N/A', 'W', '90', '84'], 11: ['Sat, Jan 30', 'CSU Bakersfield', 'N/A', 'L', '73', '83'], 12: ['Fri, Feb 19', 'UC Irvine', 'N/A', 'L', '78', '89'], 13: ['Sat, Feb 20', 'UC Irvine', 'N/A', 'W', '67', '64'], 14: ['Fri, Mar 5', 'UC San Diego', 'N/A', 'L', '85', '89'], 15: ['Sat, Mar 6', 'UC San Diego', 'N/A', 'L', '78', '85'], 16: ['Tue, Mar 9', 'Cal Poly', 'N/A', 'L', '82', '87']}",0.5092981818472015
CSU Northridge,118,2463,Matadors,9,13,0.4090909090909091,"{1: ['Wed, Nov 25', '', 'N/A', 'W', '97', '79'], 2: ['Sat, Nov 28', 'Air Force', 'N/A', 'L', '61', '66'], 3: ['Mon, Nov 30', 'Seattle U', 'N/A', 'W', '76', '65'], 4: ['Sat, Dec 12', 'Pepperdine', 'N/A', 'W', '89', '84'], 5: ['Tue, Dec 15', 'Stanford', 'N/A', 'L', '71', '82'], 6: ['Sat, Dec 19', 'California', 'N/A', 'L', '56', '87'], 7: ['Mon, Dec 28', 'New Mexico State', 'N/A', 'W', '66', '63'], 8: ['Sat, Jan 16', 'CSU Fullerton', 'N/A', 'W', '86', '85'], 9: ['Sun, Jan 17', 'CSU Fullerton', 'N/A', 'L', '77', '85'], 10: ['Fri, Jan 22', 'UC Santa Barbara', 'N/A', 'L', '58', '105'], 11: ['Sat, Jan 23', 'UC Santa Barbara', 'N/A', 'L', '66', '80'], 12: ['Fri, Jan 29', 'Cal Poly', 'N/A', 'L', '70', '76'], 13: ['Sat, Jan 30', 'Cal Poly', 'N/A', 'W', '64', '51'], 14: ['Fri, Feb 5', 'UC Davis', 'N/A', 'W', '80', '77'], 15: ['Sat, Feb 6', 'UC Davis', 'N/A', 'L', '63', '75'], 16: ['Fri, Feb 19', ""Hawai'i"", 'N/A', 'L', '74', '75'], 17: ['Sat, Feb 20', ""Hawai'i"", 'N/A', 'W', '88', '80'], 18: ['Fri, Feb 26', 'CSU Bakersfield', 'N/A', 'L', '58', '84'], 19: ['Sat, Feb 27', 'CSU Bakersfield', 'N/A', 'W', '90', '87'], 20: ['Fri, Mar 5', 'UC Riverside', 'N/A', 'L', '68', '72'], 21: ['Sat, Mar 6', 'UC Riverside', 'N/A', 'L', '65', '66'], 22: ['Tue, Mar 9', 'Long Beach State', 'N/A', 'L', '63', '85']}",0.48962868372092333
Cal Poly,119,13,Mustangs,4,20,0.16666666666666666,"{1: ['Fri, Nov 27', '', 'N/A', 'W', '100', '46'], 2: ['Fri, Dec 4', 'San Francisco', 'N/A', 'L', '60', '88'], 3: ['Wed, Dec 9', 'Santa Clara', 'N/A', 'L', '69', '76'], 4: ['Sun, Dec 13', 'San José St', 'N/A', 'W', '73', '71'], 5: ['Wed, Dec 16', 'San Diego', 'N/A', 'L', '61', '70'], 6: ['Sat, Dec 19', 'Loyola Marymount', 'N/A', 'L', '52', '76'], 7: ['Fri, Jan 8', 'CSU Bakersfield', 'N/A', 'L', '49', '62'], 8: ['Sat, Jan 9', 'CSU Bakersfield', 'N/A', 'L', '50', '65'], 9: ['Fri, Jan 15', 'UC Riverside', 'N/A', 'L', '51', '86'], 10: ['Sat, Jan 16', 'UC Riverside', 'N/A', 'L', '53', '70'], 11: ['Fri, Jan 22', 'UC Irvine', 'N/A', 'L', '49', '68'], 12: ['Sat, Jan 23', 'UC Irvine', 'N/A', 'L', '44', '67'], 13: ['Fri, Jan 29', 'CSU Northridge', 'N/A', 'W', '76', '70'], 14: ['Sat, Jan 30', 'CSU Northridge', 'N/A', 'L', '51', '64'], 15: ['Fri, Feb 5', ""Hawai'i"", 'N/A', 'L', '68', '84'], 16: ['Sat, Feb 6', ""Hawai'i"", 'N/A', 'L', '64', '81'], 17: ['Fri, Feb 19', 'Long Beach State', 'N/A', 'L', '60', '64'], 18: ['Sat, Feb 20', 'Long Beach State', 'N/A', 'L', '69', '74'], 19: ['Fri, Feb 26', 'UC Davis', 'N/A', 'L', '61', '69'], 20: ['Sat, Feb 27', 'UC Davis', 'N/A', 'L', '66', '68'], 21: ['Fri, Mar 5', 'UC Santa Barbara', 'N/A', 'L', '57', '71'], 22: ['Sat, Mar 6', 'UC Santa Barbara', 'N/A', 'L', '54', '70'], 23: ['Tue, Mar 9', 'CSU Fullerton', 'N/A', 'W', '87', '82'], 24: ['Thu, Mar 11', 'UC Irvine', 'N/A', 'L', '51', '58']}",0.5286118149161627
Hawai'i,120,62,Rainbow Warriors,11,10,0.5238095238095238,"{1: ['Fri, Dec 11', 'Pacific', 'N/A', 'W', '83', '50'], 2: ['Sat, Dec 19', 'Hilo', 'N/A', 'W', '89', '66'], 3: ['Fri, Jan 8', 'UC Riverside', 'N/A', 'W', '88', '83'], 4: ['Sat, Jan 9', 'UC Riverside', 'N/A', 'L', '68', '70'], 5: ['Fri, Jan 15', 'CSU Bakersfield', 'N/A', 'L', '55', '60'], 6: ['Sat, Jan 16', 'CSU Bakersfield', 'N/A', 'L', '72', '83'], 7: ['Fri, Jan 22', 'CSU Fullerton', 'N/A', 'L', '67', '83'], 8: ['Sat, Jan 23', 'CSU Fullerton', 'N/A', 'W', '76', '53'], 9: ['Fri, Jan 29', 'UC Irvine', 'N/A', 'L', '51', '53'], 10: ['Sat, Jan 30', 'UC Irvine', 'N/A', 'W', '62', '61'], 11: ['Fri, Feb 5', 'Cal Poly', 'N/A', 'W', '84', '68'], 12: ['Sat, Feb 6', 'Cal Poly', 'N/A', 'W', '81', '64'], 13: ['Fri, Feb 12', 'UC Santa Barbara', 'N/A', 'L', '50', '59'], 14: ['Sat, Feb 13', 'UC Santa Barbara', 'N/A', 'L', '74', '81'], 15: ['Fri, Feb 19', 'CSU Northridge', 'N/A', 'W', '75', '74'], 16: ['Sat, Feb 20', 'CSU Northridge', 'N/A', 'L', '80', '88'], 17: ['Fri, Feb 26', 'Long Beach State', 'N/A', 'W', '78', '76'], 18: ['Sat, Feb 27', 'Long Beach State', 'N/A', 'W', '79', '76'], 19: ['Fri, Mar 5', 'UC Davis', 'N/A', 'W', '73', '68'], 20: ['Sat, Mar 6', 'UC Davis', 'N/A', 'L', '66', '74'], 21: ['Thu, Mar 11', 'UC Riverside', 'N/A', 'L', '52', '62']}",0.5102596477596478
Long Beach State,121,299,Beach,6,12,0.3333333333333333,"{1: ['Fri, Dec 4', 'Loyola Marymount', 'N/A', 'L', '61', '85'], 2: ['Sun, Dec 6', 'Seattle U', 'N/A', 'W', '80', '75'], 3: ['Thu, Dec 10', 'San Francisco', 'N/A', 'L', '62', '107'], 4: ['Fri, Jan 1', 'CSU Bakersfield', 'N/A', 'W', '90', '89'], 5: ['Sat, Jan 2', 'CSU Bakersfield', 'N/A', 'L', '76', '89'], 6: ['Fri, Jan 8', 'CSU Fullerton', 'N/A', 'W', '82', '80'], 7: ['Sat, Jan 9', 'CSU Fullerton', 'N/A', 'L', '72', '75'], 8: ['Sat, Jan 23', 'California Baptist', 'N/A', 'L', '75', '96'], 9: ['Fri, Feb 12', 'UC Davis', 'N/A', 'L', '66', '68'], 10: ['Sat, Feb 13', 'UC Davis', 'N/A', 'L', '76', '78'], 11: ['Fri, Feb 19', 'Cal Poly', 'N/A', 'W', '64', '60'], 12: ['Sat, Feb 20', 'Cal Poly', 'N/A', 'W', '74', '69'], 13: ['Fri, Feb 26', ""Hawai'i"", 'N/A', 'L', '76', '78'], 14: ['Sat, Feb 27', ""Hawai'i"", 'N/A', 'L', '76', '79'], 15: ['Fri, Mar 5', 'UC Irvine', 'N/A', 'L', '68', '71'], 16: ['Sat, Mar 6', 'UC Irvine', 'N/A', 'L', '58', '73'], 17: ['Tue, Mar 9', 'CSU Northridge', 'N/A', 'W', '85', '63'], 18: ['Thu, Mar 11', 'UC Santa Barbara', 'N/A', 'L', '87', '95']}",0.5039452397664959
UC Davis,122,302,Aggies,10,8,0.5555555555555556,"{1: ['Wed, Nov 25', 'Nicholls', 'N/A', 'L', '93', '101'], 2: ['Fri, Nov 27', 'Santa Clara', 'N/A', 'L', '63', '66'], 3: ['Sat, Nov 28', 'Idaho State', 'N/A', 'W', '70', '61'], 4: ['Fri, Dec 4', 'Jessup', 'N/A', 'W', '95', '62'], 5: ['Fri, Jan 22', 'UC San Diego', 'N/A', 'L', '69', '89'], 6: ['Sat, Jan 23', 'UC San Diego', 'N/A', 'W', '78', '71'], 7: ['Fri, Jan 29', 'UC Santa Barbara', 'N/A', 'L', '51', '72'], 8: ['Sat, Jan 30', 'UC Santa Barbara', 'N/A', 'L', '86', '89'], 9: ['Fri, Feb 5', 'CSU Northridge', 'N/A', 'L', '77', '80'], 10: ['Sat, Feb 6', 'CSU Northridge', 'N/A', 'W', '75', '63'], 11: ['Fri, Feb 12', 'Long Beach State', 'N/A', 'W', '68', '66'], 12: ['Sat, Feb 13', 'Long Beach State', 'N/A', 'W', '78', '76'], 13: ['Fri, Feb 26', 'Cal Poly', 'N/A', 'W', '69', '61'], 14: ['Sat, Feb 27', 'Cal Poly', 'N/A', 'W', '68', '66'], 15: ['Fri, Mar 5', ""Hawai'i"", 'N/A', 'L', '68', '73'], 16: ['Sat, Mar 6', ""Hawai'i"", 'N/A', 'W', '74', '66'], 17: ['Thu, Mar 11', 'CSU Bakersfield', 'N/A', 'W', '58', '56'], 18: ['Fri, Mar 12', 'UC Santa Barbara', 'N/A', 'L', '55', '71']}",0.504256733270574
UC Irvine,123,300,Anteaters,18,9,0.6666666666666666,"{1: ['Wed, Nov 25', 'Pepperdine', 'N/A', 'L', '72', '86'], 2: ['Fri, Nov 27', 'San Diego State', 'N/A', 'L', '58', '77'], 3: ['Sat, Nov 28', '', 'N/A', 'W', '135', '55'], 4: ['Wed, Dec 2', 'Sierra University', 'N/A', 'W', '104', '54'], 5: ['Tue, Dec 8', 'USC', 'N/A', 'L', '56', '91'], 6: ['Thu, Dec 17', 'Loyola Marymount', 'N/A', 'L', '48', '51'], 7: ['Sat, Dec 19', 'San Diego', 'N/A', 'W', '85', '53'], 8: ['Sun, Dec 27', 'UC Santa Barbara', 'N/A', 'W', '75', '56'], 9: ['Mon, Dec 28', 'UC Santa Barbara', 'N/A', 'W', '73', '69'], 10: ['Sat, Jan 9', 'UC San Diego', 'N/A', 'W', '79', '65'], 11: ['Fri, Jan 22', 'Cal Poly', 'N/A', 'W', '68', '49'], 12: ['Sat, Jan 23', 'Cal Poly', 'N/A', 'W', '67', '44'], 13: ['Fri, Jan 29', ""Hawai'i"", 'N/A', 'W', '53', '51'], 14: ['Sat, Jan 30', ""Hawai'i"", 'N/A', 'L', '61', '62'], 15: ['Fri, Feb 5', 'CSU Bakersfield', 'N/A', 'W', '70', '53'], 16: ['Sat, Feb 6', 'CSU Bakersfield', 'N/A', 'L', '57', '62'], 17: ['Fri, Feb 12', 'UC Riverside', 'N/A', 'L', '65', '86'], 18: ['Sat, Feb 13', 'UC Riverside', 'N/A', 'W', '73', '67'], 19: ['Fri, Feb 19', 'CSU Fullerton', 'N/A', 'W', '89', '78'], 20: ['Sat, Feb 20', 'CSU Fullerton', 'N/A', 'L', '64', '67'], 21: ['Fri, Feb 26', 'UC San Diego', 'N/A', 'W', '80', '55'], 22: ['Sat, Feb 27', 'UC San Diego', 'N/A', 'W', '75', '64'], 23: ['Fri, Mar 5', 'Long Beach State', 'N/A', 'W', '71', '68'], 24: ['Sat, Mar 6', 'Long Beach State', 'N/A', 'W', '73', '58'], 25: ['Thu, Mar 11', 'Cal Poly', 'N/A', 'W', '58', '51'], 26: ['Fri, Mar 12', 'UC Riverside', 'N/A', 'W', '78', '61'], 27: ['Sat, Mar 13', 'UC Santa Barbara', 'N/A', 'L', '63', '79']}",0.504010055304173
UC Riverside,124,27,Highlanders,14,8,0.6363636363636364,"{1: ['Wed, Nov 25', 'Pacific', 'N/A', 'L', '60', '66'], 2: ['Tue, Dec 1', 'Washington', 'N/A', 'W', '57', '42'], 3: ['Sun, Dec 6', 'Denver', 'N/A', 'W', '83', '63'], 4: ['Thu, Dec 10', 'Northern Arizona', 'N/A', 'W', '74', '50'], 5: ['Fri, Jan 8', ""Hawai'i"", 'N/A', 'L', '83', '88'], 6: ['Sat, Jan 9', ""Hawai'i"", 'N/A', 'W', '70', '68'], 7: ['Tue, Jan 12', 'USC', 'N/A', 'L', '62', '67'], 8: ['Fri, Jan 15', 'Cal Poly', 'N/A', 'W', '86', '51'], 9: ['Sat, Jan 16', 'Cal Poly', 'N/A', 'W', '70', '53'], 10: ['Fri, Jan 22', 'CSU Bakersfield', 'N/A', 'L', '45', '47'], 11: ['Sat, Jan 23', 'CSU Bakersfield', 'N/A', 'W', '70', '63'], 12: ['Sun, Jan 31', 'UC San Diego', 'N/A', 'W', '71', '59'], 13: ['Fri, Feb 12', 'UC Irvine', 'N/A', 'W', '86', '65'], 14: ['Sat, Feb 13', 'UC Irvine', 'N/A', 'L', '67', '73'], 15: ['Fri, Feb 19', 'UC San Diego', 'N/A', 'W', '81', '75'], 16: ['Sat, Feb 20', 'UC San Diego', 'N/A', 'L', '82', '83'], 17: ['Fri, Feb 26', 'UC Santa Barbara', 'N/A', 'L', '68', '72'], 18: ['Sat, Feb 27', 'UC Santa Barbara', 'N/A', 'W', '68', '52'], 19: ['Fri, Mar 5', 'CSU Northridge', 'N/A', 'W', '72', '68'], 20: ['Sat, Mar 6', 'CSU Northridge', 'N/A', 'W', '66', '65'], 21: ['Thu, Mar 11', ""Hawai'i"", 'N/A', 'W', '62', '52'], 22: ['Fri, Mar 12', 'UC Irvine', 'N/A', 'L', '61', '78']}",0.48039333413664953
UC San Diego,125,28,Tritons,7,10,0.4117647058823529,"{1: ['Tue, Dec 22', 'Katherine', 'N/A', 'W', '77', '51'], 2: ['Wed, Dec 23', 'Katherine', 'N/A', 'W', '75', '39'], 3: ['Sat, Jan 9', 'UC Irvine', 'N/A', 'L', '65', '79'], 4: ['Fri, Jan 15', 'UC Santa Barbara', 'N/A', 'L', '52', '69'], 5: ['Sat, Jan 16', 'UC Santa Barbara', 'N/A', 'L', '53', '84'], 6: ['Fri, Jan 22', 'UC Davis', 'N/A', 'W', '89', '69'], 7: ['Sat, Jan 23', 'UC Davis', 'N/A', 'L', '71', '78'], 8: ['Sun, Jan 31', 'UC Riverside', 'N/A', 'L', '59', '71'], 9: ['Sun, Feb 7', '', 'N/A', 'W', '101', '64'], 10: ['Fri, Feb 12', 'CSU Bakersfield', 'N/A', 'L', '71', '76'], 11: ['Sat, Feb 13', 'CSU Bakersfield', 'N/A', 'L', '50', '65'], 12: ['Fri, Feb 19', 'UC Riverside', 'N/A', 'L', '75', '81'], 13: ['Sat, Feb 20', 'UC Riverside', 'N/A', 'W', '83', '82'], 14: ['Fri, Feb 26', 'UC Irvine', 'N/A', 'L', '55', '80'], 15: ['Sat, Feb 27', 'UC Irvine', 'N/A', 'L', '64', '75'], 16: ['Fri, Mar 5', 'CSU Fullerton', 'N/A', 'W', '89', '85'], 17: ['Sat, Mar 6', 'CSU Fullerton', 'N/A', 'W', '85', '78']}",0.610976985976986
UC Santa Barbara,126,2540,Gauchos,22,5,0.8148148148148148,"{1: ['Sat, Mar 20', 'Creighton', '5', 'L', '62', '63'], 2: ['Sun, Nov 29', 'Katherine', 'N/A', 'W', '92', '55'], 3: ['Thu, Dec 3', '', 'N/A', 'W', '123', '52'], 4: ['Mon, Dec 7', 'Loyola Marymount', 'N/A', 'W', '69', '58'], 5: ['Sat, Dec 12', 'Loyola Marymount', 'N/A', 'L', '76', '81'], 6: ['Sat, Dec 19', 'Pepperdine', 'N/A', 'W', '75', '63'], 7: ['Sun, Dec 27', 'UC Irvine', 'N/A', 'L', '56', '75'], 8: ['Mon, Dec 28', 'UC Irvine', 'N/A', 'L', '69', '73'], 9: ['Fri, Jan 1', 'CSU Fullerton', 'N/A', 'W', '81', '63'], 10: ['Sat, Jan 2', 'CSU Fullerton', 'N/A', 'W', '65', '61'], 11: ['Fri, Jan 15', 'UC San Diego', 'N/A', 'W', '69', '52'], 12: ['Sat, Jan 16', 'UC San Diego', 'N/A', 'W', '84', '53'], 13: ['Fri, Jan 22', 'CSU Northridge', 'N/A', 'W', '105', '58'], 14: ['Sat, Jan 23', 'CSU Northridge', 'N/A', 'W', '80', '66'], 15: ['Fri, Jan 29', 'UC Davis', 'N/A', 'W', '72', '51'], 16: ['Sat, Jan 30', 'UC Davis', 'N/A', 'W', '89', '86'], 17: ['Fri, Feb 12', ""Hawai'i"", 'N/A', 'W', '59', '50'], 18: ['Sat, Feb 13', ""Hawai'i"", 'N/A', 'W', '81', '74'], 19: ['Fri, Feb 19', 'CSU Bakersfield', 'N/A', 'W', '71', '66'], 20: ['Sat, Feb 20', 'CSU Bakersfield', 'N/A', 'W', '63', '44'], 21: ['Fri, Feb 26', 'UC Riverside', 'N/A', 'W', '72', '68'], 22: ['Sat, Feb 27', 'UC Riverside', 'N/A', 'L', '52', '68'], 23: ['Fri, Mar 5', 'Cal Poly', 'N/A', 'W', '71', '57'], 24: ['Sat, Mar 6', 'Cal Poly', 'N/A', 'W', '70', '54'], 25: ['Thu, Mar 11', 'Long Beach State', 'N/A', 'W', '95', '87'], 26: ['Fri, Mar 12', 'UC Davis', 'N/A', 'W', '71', '55'], 27: ['Sat, Mar 13', 'UC Irvine', 'N/A', 'W', '79', '63']}",0.5411677260129999
Charleston,127,232,Cougars,9,10,0.4736842105263158,"{1: ['Wed, Nov 25', 'North Carolina', '16', 'L', '60', '79'], 2: ['Sat, Nov 28', '', 'N/A', 'W', '99', '59'], 3: ['Sat, Dec 5', 'Furman', 'N/A', 'L', '57', '81'], 4: ['Wed, Dec 9', 'Marshall', 'N/A', 'L', '72', '84'], 5: ['Fri, Dec 11', 'South Carolina State', 'N/A', 'W', '90', '63'], 6: ['Fri, Dec 18', 'Western Carolina', 'N/A', 'L', '70', '76'], 7: ['Mon, Dec 21', 'Georgia State', 'N/A', 'L', '55', '72'], 8: ['Sat, Jan 2', 'Delaware', 'N/A', 'L', '67', '70'], 9: ['Sun, Jan 3', 'Delaware', 'N/A', 'W', '66', '59'], 10: ['Sat, Jan 9', 'Drexel', 'N/A', 'W', '61', '60'], 11: ['Sun, Jan 10', 'Drexel', 'N/A', 'W', '73', '68'], 12: ['Sat, Jan 16', 'Northeastern', 'N/A', 'L', '62', '67'], 13: ['Sun, Jan 17', 'Northeastern', 'N/A', 'L', '66', '68'], 14: ['Sat, Feb 6', 'Towson', 'N/A', 'W', '90', '88'], 15: ['Sun, Feb 7', 'Towson', 'N/A', 'W', '66', '53'], 16: ['Sat, Feb 13', 'Elon', 'N/A', 'W', '71', '53'], 17: ['Sun, Feb 14', 'Elon', 'N/A', 'L', '55', '66'], 18: ['Sat, Feb 20', 'State', 'N/A', 'W', '86', '83'], 19: ['Sun, Mar 7', 'Drexel', 'N/A', 'L', '75', '80']}",0.5209284978175764
Delaware,128,48,Blue Hens,7,8,0.4666666666666667,"{1: ['Sat, Dec 5', 'University', 'N/A', 'W', '79', '76'], 2: ['Tue, Dec 8', 'UMBC', 'N/A', 'L', '61', '76'], 3: ['Fri, Dec 11', 'George Washington', 'N/A', 'W', '68', '65'], 4: ['Sat, Dec 19', 'La Salle', 'N/A', 'L', '61', '71'], 5: ['Mon, Dec 21', 'Morgan St', 'N/A', 'L', '59', '65'], 6: ['Sat, Jan 2', 'Charleston', 'N/A', 'W', '70', '67'], 7: ['Sun, Jan 3', 'Charleston', 'N/A', 'L', '59', '66'], 8: ['Sat, Jan 9', 'William & Mary', 'N/A', 'L', '62', '67'], 9: ['Fri, Jan 15', 'Hofstra', 'N/A', 'W', '74', '56'], 10: ['Sun, Jan 17', 'Hofstra', 'N/A', 'L', '67', '68'], 11: ['Sat, Jan 23', 'UNC Wilmington', 'N/A', 'L', '70', '77'], 12: ['Sun, Jan 24', 'UNC Wilmington', 'N/A', 'W', '67', '62'], 13: ['Sat, Jan 30', 'Elon', 'N/A', 'W', '66', '43'], 14: ['Sun, Jan 31', 'Elon', 'N/A', 'W', '75', '70'], 15: ['Sun, Mar 7', 'Hofstra', 'N/A', 'L', '75', '83']}",0.4943876839273259
Drexel,129,2182,Dragons,12,8,0.6,"{1: ['Fri, Mar 19', 'Illinois', '1', 'L', '49', '78'], 2: ['Sat, Nov 28', 'Pittsburgh', 'N/A', 'L', '74', '83'], 3: ['Wed, Dec 2', 'Quinnipiac', 'N/A', 'W', '66', '48'], 4: ['Thu, Dec 3', 'Quinnipiac', 'N/A', 'W', '70', '58'], 5: ['Sun, Dec 6', 'Coppin State', 'N/A', 'W', '69', '54'], 6: ['Sat, Dec 12', 'La Salle', 'N/A', 'L', '48', '58'], 7: ['Thu, Dec 17', ""Saint Joseph's"", 'N/A', 'W', '81', '77'], 8: ['Sat, Dec 19', 'Fairleigh Dickinson', 'N/A', 'W', '85', '68'], 9: ['Sat, Jan 9', 'Charleston', 'N/A', 'L', '60', '61'], 10: ['Sun, Jan 10', 'Charleston', 'N/A', 'L', '68', '73'], 11: ['Sat, Jan 16', 'William & Mary', 'N/A', 'W', '82', '58'], 12: ['Sun, Jan 17', 'William & Mary', 'N/A', 'L', '64', '69'], 13: ['Sat, Jan 23', 'William & Mary', 'N/A', 'W', '79', '64'], 14: ['Sun, Jan 31', 'James Madison', 'N/A', 'L', '64', '73'], 15: ['Sat, Feb 6', 'Hofstra', 'N/A', 'W', '73', '71'], 16: ['Sun, Feb 7', 'Hofstra', 'N/A', 'L', '74', '79'], 17: ['Fri, Feb 26', 'James Madison', 'N/A', 'W', '84', '78'], 18: ['Sun, Mar 7', 'Charleston', 'N/A', 'W', '80', '75'], 19: ['Mon, Mar 8', 'Northeastern', 'N/A', 'W', '74', '67'], 20: ['Tue, Mar 9', 'Elon', 'N/A', 'W', '63', '56']}",0.5340212420493675
Elon,130,2210,Phoenix,10,9,0.5263157894736842,"{1: ['Wed, Nov 25', 'Wesleyan', 'N/A', 'W', '82', '52'], 2: ['Sat, Nov 28', 'High Point', 'N/A', 'W', '76', '75'], 3: ['Wed, Dec 16', 'Campbell', 'N/A', 'W', '66', '56'], 4: ['Sat, Dec 19', 'UNC Greensboro', 'N/A', 'L', '64', '71'], 5: ['Sat, Jan 2', 'Northeastern', 'N/A', 'L', '52', '75'], 6: ['Sun, Jan 3', 'Northeastern', 'N/A', 'L', '58', '66'], 7: ['Sat, Jan 30', 'Delaware', 'N/A', 'L', '43', '66'], 8: ['Sun, Jan 31', 'Delaware', 'N/A', 'L', '70', '75'], 9: ['Wed, Feb 3', 'James Madison', 'N/A', 'L', '57', '78'], 10: ['Tue, Feb 9', 'James Madison', 'N/A', 'L', '61', '70'], 11: ['Sat, Feb 13', 'Charleston', 'N/A', 'L', '53', '71'], 12: ['Sun, Feb 14', 'Charleston', 'N/A', 'W', '66', '55'], 13: ['Sat, Feb 20', 'William & Mary', 'N/A', 'W', '75', '54'], 14: ['Mon, Feb 22', 'William & Mary', 'N/A', 'W', '73', '54'], 15: ['Sat, Feb 27', 'UNC Wilmington', 'N/A', 'W', '80', '77'], 16: ['Sat, Mar 6', 'Towson', 'N/A', 'W', '69', '48'], 17: ['Sun, Mar 7', 'James Madison', 'N/A', 'W', '72', '71'], 18: ['Mon, Mar 8', 'Hofstra', 'N/A', 'W', '76', '58'], 19: ['Tue, Mar 9', 'Drexel', 'N/A', 'L', '56', '63']}",0.5117053718964775
Hofstra,131,2275,Pride,13,10,0.5652173913043478,"{1: ['Sun, Nov 29', 'Rutgers', '24', 'L', '56', '70'], 2: ['Mon, Nov 30', 'Fairleigh Dickinson', 'N/A', 'W', '73', '58'], 3: ['Sat, Dec 5', 'Iona', 'N/A', 'L', '74', '82'], 4: ['Wed, Dec 9', 'Stony Brook', 'N/A', 'W', '72', '67'], 5: ['Tue, Dec 15', 'Monmouth', 'N/A', 'W', '96', '88'], 6: ['Sat, Dec 19', 'St. Bonaventure', 'N/A', 'L', '69', '77'], 7: ['Tue, Dec 22', 'Richmond', 'N/A', 'W', '76', '71'], 8: ['Sat, Jan 2', 'William & Mary', 'N/A', 'W', '61', '56'], 9: ['Sun, Jan 3', 'William & Mary', 'N/A', 'W', '82', '73'], 10: ['Thu, Jan 7', 'Northeastern', 'N/A', 'L', '78', '81'], 11: ['Sat, Jan 9', 'Northeastern', 'N/A', 'L', '56', '67'], 12: ['Fri, Jan 15', 'Delaware', 'N/A', 'L', '56', '74'], 13: ['Sun, Jan 17', 'Delaware', 'N/A', 'W', '68', '67'], 14: ['Sat, Jan 23', 'Towson', 'N/A', 'W', '71', '58'], 15: ['Sun, Jan 24', 'Towson', 'N/A', 'W', '74', '69'], 16: ['Sat, Jan 30', 'UNC Wilmington', 'N/A', 'W', '82', '73'], 17: ['Sun, Jan 31', 'UNC Wilmington', 'N/A', 'W', '89', '83'], 18: ['Sat, Feb 6', 'Drexel', 'N/A', 'L', '71', '73'], 19: ['Sun, Feb 7', 'Drexel', 'N/A', 'W', '79', '74'], 20: ['Sat, Feb 13', 'James Madison', 'N/A', 'L', '89', '93'], 21: ['Sun, Feb 14', 'James Madison', 'N/A', 'L', '70', '74'], 22: ['Sun, Mar 7', 'Delaware', 'N/A', 'W', '83', '75'], 23: ['Mon, Mar 8', 'Elon', 'N/A', 'L', '58', '76']}",0.5079253322499415
James Madison,132,256,Dukes,13,7,0.65,"{1: ['Wed, Nov 25', '', 'N/A', 'W', '89', '55'], 2: ['Fri, Nov 27', 'Norfolk State', 'N/A', 'L', '73', '83'], 3: ['Sun, Nov 29', 'Radford', 'N/A', 'W', '67', '59'], 4: ['Sat, Dec 19', 'East Carolina', 'N/A', 'L', '64', '73'], 5: ['Sun, Dec 20', 'Lloyd College', 'N/A', 'W', '98', '55'], 6: ['Tue, Dec 22', 'VCU', 'N/A', 'L', '81', '82'], 7: ['Sun, Jan 3', 'Morgan St', 'N/A', 'L', '73', '80'], 8: ['Tue, Jan 5', 'Florida Atlantic', 'N/A', 'W', '79', '70'], 9: ['Sun, Jan 10', '', 'N/A', 'W', '100', '76'], 10: ['Sat, Jan 16', 'Towson', 'N/A', 'W', '81', '72'], 11: ['Sat, Jan 23', 'Northeastern', 'N/A', 'L', '63', '72'], 12: ['Sun, Jan 24', 'Northeastern', 'N/A', 'W', '79', '72'], 13: ['Wed, Jan 27', 'Towson', 'N/A', 'W', '78', '63'], 14: ['Sun, Jan 31', 'Drexel', 'N/A', 'W', '73', '64'], 15: ['Wed, Feb 3', 'Elon', 'N/A', 'W', '78', '57'], 16: ['Tue, Feb 9', 'Elon', 'N/A', 'W', '70', '61'], 17: ['Sat, Feb 13', 'Hofstra', 'N/A', 'W', '93', '89'], 18: ['Sun, Feb 14', 'Hofstra', 'N/A', 'W', '74', '70'], 19: ['Fri, Feb 26', 'Drexel', 'N/A', 'L', '78', '84'], 20: ['Sun, Mar 7', 'Elon', 'N/A', 'L', '71', '72']}",0.5282740461903203
Northeastern,133,111,Huskies,10,9,0.5263157894736842,"{1: ['Fri, Dec 11', 'UMass', 'N/A', 'L', '79', '94'], 2: ['Sun, Dec 13', 'UMass', 'N/A', 'W', '78', '75'], 3: ['Wed, Dec 16', 'Syracuse', 'N/A', 'L', '56', '62'], 4: ['Sun, Dec 20', 'Old Dominion', 'N/A', 'L', '62', '66'], 5: ['Tue, Dec 22', 'Georgia', 'N/A', 'L', '58', '76'], 6: ['Tue, Dec 29', 'West Virginia', '9', 'L', '51', '73'], 7: ['Sat, Jan 2', 'Elon', 'N/A', 'W', '75', '52'], 8: ['Sun, Jan 3', 'Elon', 'N/A', 'W', '66', '58'], 9: ['Thu, Jan 7', 'Hofstra', 'N/A', 'W', '81', '78'], 10: ['Sat, Jan 9', 'Hofstra', 'N/A', 'W', '67', '56'], 11: ['Sat, Jan 16', 'Charleston', 'N/A', 'W', '67', '62'], 12: ['Sun, Jan 17', 'Charleston', 'N/A', 'W', '68', '66'], 13: ['Sat, Jan 23', 'James Madison', 'N/A', 'W', '72', '63'], 14: ['Sun, Jan 24', 'James Madison', 'N/A', 'L', '72', '79'], 15: ['Sat, Feb 13', 'Towson', 'N/A', 'W', '76', '67'], 16: ['Sun, Feb 14', 'Towson', 'N/A', 'L', '57', '68'], 17: ['Wed, Feb 17', 'North Carolina', 'N/A', 'L', '62', '82'], 18: ['Sun, Mar 7', 'William & Mary', 'N/A', 'W', '63', '47'], 19: ['Mon, Mar 8', 'Drexel', 'N/A', 'L', '67', '74']}",0.5702355150915452
Towson,134,119,Tigers,4,14,0.2222222222222222,"{1: ['Wed, Nov 25', 'Virginia', '4', 'L', '54', '89'], 2: ['Thu, Nov 26', 'San Francisco', 'N/A', 'L', '68', '79'], 3: ['Fri, Nov 27', 'Buffalo', 'N/A', 'L', '65', '74'], 4: ['Wed, Dec 23', 'George Mason', 'N/A', 'L', '65', '70'], 5: ['Sat, Dec 26', 'Coppin State', 'N/A', 'W', '78', '73'], 6: ['Sat, Jan 16', 'James Madison', 'N/A', 'L', '72', '81'], 7: ['Mon, Jan 18', 'UNC Wilmington', 'N/A', 'W', '72', '69'], 8: ['Tue, Jan 19', 'UNC Wilmington', 'N/A', 'W', '78', '74'], 9: ['Sat, Jan 23', 'Hofstra', 'N/A', 'L', '58', '71'], 10: ['Sun, Jan 24', 'Hofstra', 'N/A', 'L', '69', '74'], 11: ['Wed, Jan 27', 'James Madison', 'N/A', 'L', '63', '78'], 12: ['Sat, Jan 30', 'William & Mary', 'N/A', 'L', '74', '84'], 13: ['Sun, Jan 31', 'William & Mary', 'N/A', 'L', '74', '75'], 14: ['Sat, Feb 6', 'Charleston', 'N/A', 'L', '88', '90'], 15: ['Sun, Feb 7', 'Charleston', 'N/A', 'L', '53', '66'], 16: ['Sat, Feb 13', 'Northeastern', 'N/A', 'L', '67', '76'], 17: ['Sun, Feb 14', 'Northeastern', 'N/A', 'W', '68', '57'], 18: ['Sat, Mar 6', 'Elon', 'N/A', 'L', '48', '69']}",0.5746731715510827
UNC Wilmington,135,350,Seahawks,7,10,0.4117647058823529,"{1: ['Wed, Nov 25', 'Western Carolina', 'N/A', 'L', '76', '98'], 2: ['Fri, Nov 27', 'UNC Asheville', 'N/A', 'W', '76', '68'], 3: ['Sat, Nov 28', 'Troy', 'N/A', 'W', '73', '50'], 4: ['Mon, Dec 7', 'East Carolina', 'N/A', 'L', '78', '88'], 5: ['Wed, Dec 9', 'Andrews', 'N/A', 'W', '116', '66'], 6: ['Sat, Dec 12', 'Ole Miss', 'N/A', 'L', '58', '78'], 7: ['Fri, Dec 18', 'Norfolk State', 'N/A', 'W', '80', '72'], 8: ['Mon, Dec 21', 'Campbell', 'N/A', 'W', '78', '59'], 9: ['Wed, Dec 23', 'Delaware State', 'N/A', 'W', '87', '63'], 10: ['Mon, Jan 18', 'Towson', 'N/A', 'L', '69', '72'], 11: ['Tue, Jan 19', 'Towson', 'N/A', 'L', '74', '78'], 12: ['Sat, Jan 23', 'Delaware', 'N/A', 'W', '77', '70'], 13: ['Sun, Jan 24', 'Delaware', 'N/A', 'L', '62', '67'], 14: ['Sat, Jan 30', 'Hofstra', 'N/A', 'L', '73', '82'], 15: ['Sun, Jan 31', 'Hofstra', 'N/A', 'L', '83', '89'], 16: ['Sat, Feb 27', 'Elon', 'N/A', 'L', '77', '80'], 17: ['Sat, Mar 6', 'William & Mary', 'N/A', 'L', '60', '73']}",0.45117942923712545
William & Mary,136,2729,Tribe,7,10,0.4117647058823529,"{1: ['Sat, Nov 28', 'Old Dominion', 'N/A', 'L', '78', '86'], 2: ['Mon, Dec 14', 'George Washington', 'N/A', 'W', '85', '84'], 3: ['Wed, Dec 16', 'Hampton', 'N/A', 'W', '75', '58'], 4: ['Sat, Dec 19', 'High Point', 'N/A', 'L', '49', '71'], 5: ['Tue, Dec 22', 'Virginia', '16', 'L', '40', '76'], 6: ['Sat, Jan 2', 'Hofstra', 'N/A', 'L', '56', '61'], 7: ['Sun, Jan 3', 'Hofstra', 'N/A', 'L', '73', '82'], 8: ['Sat, Jan 9', 'Delaware', 'N/A', 'W', '67', '62'], 9: ['Sat, Jan 16', 'Drexel', 'N/A', 'L', '58', '82'], 10: ['Sun, Jan 17', 'Drexel', 'N/A', 'W', '69', '64'], 11: ['Sat, Jan 23', 'Drexel', 'N/A', 'L', '64', '79'], 12: ['Sat, Jan 30', 'Towson', 'N/A', 'W', '84', '74'], 13: ['Sun, Jan 31', 'Towson', 'N/A', 'W', '75', '74'], 14: ['Sat, Feb 20', 'Elon', 'N/A', 'L', '54', '75'], 15: ['Mon, Feb 22', 'Elon', 'N/A', 'L', '54', '73'], 16: ['Sat, Mar 6', 'UNC Wilmington', 'N/A', 'W', '73', '60'], 17: ['Sun, Mar 7', 'Northeastern', 'N/A', 'L', '47', '63']}",0.5132857188490121
Charlotte,137,2429,49ers,9,16,0.36,"{1: ['Fri, Nov 27', 'East Carolina', 'N/A', 'L', '57', '66'], 2: ['Fri, Dec 4', 'Georgia State', 'N/A', 'L', '65', '76'], 3: ['Mon, Dec 7', 'South Carolina State', 'N/A', 'W', '78', '40'], 4: ['Fri, Dec 11', 'Appalachian State', 'N/A', 'L', '57', '61'], 5: ['Tue, Dec 15', 'Davidson', 'N/A', 'W', '63', '52'], 6: ['Sat, Dec 19', 'North Carolina A&T', 'N/A', 'W', '76', '72'], 7: ['Tue, Dec 22', 'George Washington', 'N/A', 'W', '66', '65'], 8: ['Fri, Jan 1', 'Western Kentucky', 'N/A', 'L', '63', '67'], 9: ['Sat, Jan 2', 'Western Kentucky', 'N/A', 'W', '75', '71'], 10: ['Sat, Jan 9', 'Abbey', 'N/A', 'L', '72', '75'], 11: ['Fri, Jan 15', 'UAB', 'N/A', 'L', '37', '61'], 12: ['Sat, Jan 16', 'UAB', 'N/A', 'W', '70', '55'], 13: ['Fri, Jan 22', 'Florida Atlantic', 'N/A', 'L', '53', '66'], 14: ['Sat, Jan 23', 'Florida Atlantic', 'N/A', 'W', '74', '71'], 15: ['Fri, Jan 29', 'Florida International', 'N/A', 'W', '63', '55'], 16: ['Sat, Jan 30', 'Florida International', 'N/A', 'W', '68', '65'], 17: ['Fri, Feb 5', 'Middle Tennessee', 'N/A', 'L', '65', '66'], 18: ['Sat, Feb 6', 'Middle Tennessee', 'N/A', 'L', '60', '73'], 19: ['Wed, Feb 10', 'Old Dominion', 'N/A', 'L', '76', '78'], 20: ['Sat, Feb 13', 'Old Dominion', 'N/A', 'L', '45', '64'], 21: ['Sat, Feb 27', 'UTEP', 'N/A', 'L', '47', '70'], 22: ['Sun, Feb 28', 'UTEP', 'N/A', 'L', '62', '77'], 23: ['Fri, Mar 5', 'Marshall', 'N/A', 'L', '67', '75'], 24: ['Sat, Mar 6', 'Marshall', 'N/A', 'L', '66', '75'], 25: ['Wed, Mar 10', 'UTSA', 'N/A', 'L', '62', '72']}",0.5289495116039854
Florida Atlantic,138,2226,Owls,13,10,0.5652173913043478,"{1: ['Wed, Nov 25', 'South Alabama', 'N/A', 'L', '66', '68'], 2: ['Fri, Nov 27', 'Jacksonville State', 'N/A', 'L', '50', '60'], 3: ['Sat, Nov 28', '', 'N/A', 'W', '83', '41'], 4: ['Thu, Dec 3', 'National', 'N/A', 'W', '128', '64'], 5: ['Mon, Dec 7', 'North Florida', 'N/A', 'W', '79', '77'], 6: ['Sat, Dec 12', 'Memorial', 'N/A', 'W', '112', '49'], 7: ['Tue, Dec 15', 'Stetson', 'N/A', 'L', '69', '78'], 8: ['Mon, Dec 21', 'College', 'N/A', 'W', '107', '72'], 9: ['Tue, Jan 5', 'James Madison', 'N/A', 'L', '70', '79'], 10: ['Fri, Jan 8', 'Old Dominion', 'N/A', 'L', '67', '71'], 11: ['Sat, Jan 9', 'Old Dominion', 'N/A', 'L', '55', '64'], 12: ['Thu, Jan 14', 'Florida International', 'N/A', 'W', '81', '79'], 13: ['Sat, Jan 16', 'Florida International', 'N/A', 'W', '107', '63'], 14: ['Fri, Jan 22', 'Charlotte', 'N/A', 'W', '66', '53'], 15: ['Sat, Jan 23', 'Charlotte', 'N/A', 'L', '71', '74'], 16: ['Fri, Feb 12', 'UTSA', 'N/A', 'L', '80', '84'], 17: ['Sat, Feb 13', 'UTSA', 'N/A', 'L', '75', '86'], 18: ['Fri, Feb 26', 'Southern Miss', 'N/A', 'W', '69', '60'], 19: ['Sat, Feb 27', 'Southern Miss', 'N/A', 'W', '73', '66'], 20: ['Thu, Mar 4', 'Middle Tennessee', 'N/A', 'W', '80', '50'], 21: ['Fri, Mar 5', 'Middle Tennessee', 'N/A', 'W', '63', '54'], 22: ['Wed, Mar 10', 'UTEP', 'N/A', 'W', '76', '70'], 23: ['Thu, Mar 11', 'Louisiana Tech', 'N/A', 'L', '69', '75']}",0.46923897796619335
Florida International,139,2229,Panthers,9,17,0.3461538461538461,"{1: ['Wed, Nov 25', '', 'N/A', 'W', '85', '81'], 2: ['Fri, Nov 27', '', 'N/A', 'W', '82', '75'], 3: ['Tue, Dec 1', 'Central Michigan', 'N/A', 'W', '96', '76'], 4: ['Fri, Dec 4', 'Jacksonville State', 'N/A', 'W', '74', '70'], 5: ['Sat, Dec 12', 'North Florida', 'N/A', 'L', '77', '80'], 6: ['Wed, Dec 16', 'Florida Gulf Coast', 'N/A', 'W', '85', '69'], 7: ['Sat, Dec 19', 'Georgia Southern', 'N/A', 'L', '99', '103'], 8: ['Mon, Dec 21', 'College', 'N/A', 'W', '111', '34'], 9: ['Fri, Jan 1', 'Old Dominion', 'N/A', 'W', '82', '67'], 10: ['Sat, Jan 2', 'Old Dominion', 'N/A', 'L', '66', '71'], 11: ['Fri, Jan 8', 'Middle Tennessee', 'N/A', 'W', '68', '55'], 12: ['Sat, Jan 9', 'Middle Tennessee', 'N/A', 'L', '56', '67'], 13: ['Thu, Jan 14', 'Florida Atlantic', 'N/A', 'L', '79', '81'], 14: ['Sat, Jan 16', 'Florida Atlantic', 'N/A', 'L', '63', '107'], 15: ['Fri, Jan 22', 'Marshall', 'N/A', 'L', '66', '79'], 16: ['Sat, Jan 23', 'Marshall', 'N/A', 'L', '72', '89'], 17: ['Fri, Jan 29', 'Charlotte', 'N/A', 'L', '55', '63'], 18: ['Sat, Jan 30', 'Charlotte', 'N/A', 'L', '65', '68'], 19: ['Mon, Feb 1', 'Memorial', 'N/A', 'W', '90', '74'], 20: ['Fri, Feb 5', 'UTSA', 'N/A', 'L', '80', '87'], 21: ['Sat, Feb 6', 'UTSA', 'N/A', 'L', '47', '90'], 22: ['Fri, Feb 12', 'UTEP', 'N/A', 'L', '59', '75'], 23: ['Sat, Feb 13', 'UTEP', 'N/A', 'L', '68', '77'], 24: ['Fri, Feb 19', 'Southern Miss', 'N/A', 'L', '72', '85'], 25: ['Sun, Feb 28', 'Western Kentucky', 'N/A', 'L', '58', '91'], 26: ['Mon, Mar 1', 'Western Kentucky', 'N/A', 'L', '59', '71']}",0.513701994097251
Louisiana Tech,140,2348,Bulldogs,22,7,0.7586206896551724,"{1: ['Fri, Mar 19', 'Ole Miss', '1', 'W', '70', '61'], 2: ['Fri, Nov 27', 'UT Arlington', 'N/A', 'W', '76', '71'], 3: ['Sun, Nov 29', 'Northwestern State', 'N/A', 'W', '91', '77'], 4: ['Thu, Dec 3', 'UL Monroe', 'N/A', 'W', '78', '62'], 5: ['Sun, Dec 6', 'LSU', 'N/A', 'L', '55', '86'], 6: ['Wed, Dec 9', 'SE Louisiana', 'N/A', 'W', '78', '69'], 7: ['Sat, Dec 12', 'Louisiana', 'N/A', 'L', '56', '61'], 8: ['Tue, Dec 15', 'Jackson State', 'N/A', 'W', '85', '58'], 9: ['Sat, Dec 19', 'Lamar', 'N/A', 'W', '86', '57'], 10: ['Tue, Dec 22', 'UL Monroe', 'N/A', 'W', '68', '57'], 11: ['Fri, Jan 1', 'Marshall', 'N/A', 'W', '75', '68'], 12: ['Sat, Jan 2', 'Marshall', 'N/A', 'L', '73', '80'], 13: ['Fri, Jan 8', 'Western Kentucky', 'N/A', 'L', '64', '66'], 14: ['Sat, Jan 9', 'Western Kentucky', 'N/A', 'W', '63', '58'], 15: ['Fri, Jan 15', 'UTSA', 'N/A', 'W', '77', '66'], 16: ['Sat, Jan 16', 'UTSA', 'N/A', 'W', '82', '66'], 17: ['Fri, Jan 22', 'UTEP', 'N/A', 'L', '74', '82'], 18: ['Sat, Jan 23', 'UTEP', 'N/A', 'W', '73', '55'], 19: ['Thu, Jan 28', 'Southern Miss', 'N/A', 'W', '76', '63'], 20: ['Sat, Jan 30', 'Southern Miss', 'N/A', 'W', '65', '62'], 21: ['Fri, Feb 5', 'North Texas', 'N/A', 'W', '68', '63'], 22: ['Sat, Feb 6', 'North Texas', 'N/A', 'L', '55', '57'], 23: ['Fri, Feb 12', 'UAB', 'N/A', 'W', '70', '58'], 24: ['Sat, Feb 13', 'UAB', 'N/A', 'W', '69', '64'], 25: ['Fri, Feb 26', 'Rice', 'N/A', 'W', '101', '57'], 26: ['Sat, Feb 27', 'Rice', 'N/A', 'W', '79', '58'], 27: ['Wed, Mar 3', 'Lady of the Lake', 'N/A', 'W', '99', '66'], 28: ['Thu, Mar 11', 'Florida Atlantic', 'N/A', 'W', '75', '69'], 29: ['Fri, Mar 12', 'North Texas', 'N/A', 'L', '48', '54']}",0.5915889188629605
Marshall,141,276,Thundering Herd,15,7,0.6818181818181818,"{1: ['Fri, Nov 27', 'Arkansas State', 'N/A', 'W', '70', '56'], 2: ['Thu, Dec 3', 'Wright State', 'N/A', 'W', '80', '64'], 3: ['Wed, Dec 9', 'Charleston', 'N/A', 'W', '84', '72'], 4: ['Sun, Dec 13', 'Ohio', 'N/A', 'W', '81', '67'], 5: ['Wed, Dec 16', 'Toledo', 'N/A', 'L', '87', '96'], 6: ['Sun, Dec 20', 'Robert Morris', 'N/A', 'W', '85', '71'], 7: ['Tue, Dec 22', 'UNC Asheville', 'N/A', 'W', '88', '67'], 8: ['Fri, Jan 1', 'Louisiana Tech', 'N/A', 'L', '68', '75'], 9: ['Sat, Jan 2', 'Louisiana Tech', 'N/A', 'W', '80', '73'], 10: ['Fri, Jan 15', 'Western Kentucky', 'N/A', 'L', '73', '81'], 11: ['Sun, Jan 17', 'Western Kentucky', 'N/A', 'L', '67', '69'], 12: ['Fri, Jan 22', 'Florida International', 'N/A', 'W', '79', '66'], 13: ['Sat, Jan 23', 'Florida International', 'N/A', 'W', '89', '72'], 14: ['Fri, Feb 5', 'Old Dominion', 'N/A', 'L', '81', '82'], 15: ['Sat, Feb 6', 'Old Dominion', 'N/A', 'W', '87', '67'], 16: ['Fri, Feb 12', 'Middle Tennessee', 'N/A', 'W', '107', '79'], 17: ['Sat, Feb 13', 'Middle Tennessee', 'N/A', 'W', '96', '85'], 18: ['Fri, Feb 26', 'North Texas', 'N/A', 'L', '65', '77'], 19: ['Sat, Feb 27', 'North Texas', 'N/A', 'W', '73', '72'], 20: ['Fri, Mar 5', 'Charlotte', 'N/A', 'W', '75', '67'], 21: ['Sat, Mar 6', 'Charlotte', 'N/A', 'W', '75', '66'], 22: ['Wed, Mar 10', 'Rice', 'N/A', 'L', '68', '72']}",0.5381183781104872
Middle Tennessee,142,2393,Blue Raiders,5,18,0.21739130434782608,"{1: ['Thu, Nov 26', 'Omaha', 'N/A', 'L', '59', '60'], 2: ['Fri, Nov 27', 'East Tennessee State', 'N/A', 'L', '43', '57'], 3: ['Wed, Dec 2', 'Murray State', 'N/A', 'W', '78', '61'], 4: ['Mon, Dec 7', 'Chattanooga', 'N/A', 'L', '70', '80'], 5: ['Sat, Dec 12', '', 'N/A', 'W', '76', '57'], 6: ['Wed, Dec 16', 'Ole Miss', 'N/A', 'L', '51', '70'], 7: ['Fri, Jan 8', 'Florida International', 'N/A', 'L', '55', '68'], 8: ['Sat, Jan 9', 'Florida International', 'N/A', 'W', '67', '56'], 9: ['Fri, Jan 15', 'Southern Miss', 'N/A', 'L', '54', '84'], 10: ['Sat, Jan 16', 'Southern Miss', 'N/A', 'L', '59', '64'], 11: ['Sat, Jan 23', 'Western Kentucky', 'N/A', 'L', '67', '82'], 12: ['Sun, Jan 24', 'Western Kentucky', 'N/A', 'L', '52', '68'], 13: ['Thu, Jan 28', 'UAB', 'N/A', 'L', '59', '70'], 14: ['Sun, Jan 31', 'UAB', 'N/A', 'L', '52', '63'], 15: ['Fri, Feb 5', 'Charlotte', 'N/A', 'W', '66', '65'], 16: ['Sat, Feb 6', 'Charlotte', 'N/A', 'W', '73', '60'], 17: ['Fri, Feb 12', 'Marshall', 'N/A', 'L', '79', '107'], 18: ['Sat, Feb 13', 'Marshall', 'N/A', 'L', '85', '96'], 19: ['Fri, Feb 26', 'Old Dominion', 'N/A', 'L', '61', '67'], 20: ['Sat, Feb 27', 'Old Dominion', 'N/A', 'L', '60', '73'], 21: ['Thu, Mar 4', 'Florida Atlantic', 'N/A', 'L', '50', '80'], 22: ['Fri, Mar 5', 'Florida Atlantic', 'N/A', 'L', '54', '63'], 23: ['Wed, Mar 10', 'North Texas', 'N/A', 'L', '56', '76']}",0.5462895897433174
North Texas,143,249,Mean Green,18,9,0.6666666666666666,"{1: ['Fri, Mar 19', 'Purdue', '4', 'W', '78', '69'], 2: ['Thu, Nov 26', 'Mississippi Valley State', 'N/A', 'W', '116', '62'], 3: ['Sat, Nov 28', 'Arkansas', 'N/A', 'L', '54', '69'], 4: ['Fri, Dec 4', 'Mississippi State', 'N/A', 'L', '63', '69'], 5: ['Fri, Dec 11', 'West Virginia', '11', 'L', '50', '62'], 6: ['Tue, Dec 15', 'Arkansas-Pine Bluff', 'N/A', 'W', '81', '56'], 7: ['Thu, Dec 17', 'Houston Baptist', 'N/A', 'W', '85', '55'], 8: ['Tue, Dec 22', 'Alexandria', 'N/A', 'W', '110', '78'], 9: ['Sat, Jan 2', 'Loyola Chicago', 'N/A', 'L', '49', '57'], 10: ['Fri, Jan 8', 'UTSA', 'N/A', 'W', '77', '70'], 11: ['Sat, Jan 9', 'UTSA', 'N/A', 'L', '69', '77'], 12: ['Fri, Jan 15', 'UTEP', 'N/A', 'W', '63', '33'], 13: ['Sat, Jan 16', 'UTEP', 'N/A', 'W', '74', '65'], 14: ['Fri, Jan 29', 'Rice', 'N/A', 'W', '79', '74'], 15: ['Sun, Jan 31', 'Rice', 'N/A', 'W', '79', '53'], 16: ['Fri, Feb 5', 'Louisiana Tech', 'N/A', 'L', '63', '68'], 17: ['Sat, Feb 6', 'Louisiana Tech', 'N/A', 'W', '57', '55'], 18: ['Fri, Feb 12', 'Southern Miss', 'N/A', 'W', '65', '49'], 19: ['Sat, Feb 13', 'Southern Miss', 'N/A', 'W', '68', '56'], 20: ['Fri, Feb 26', 'Marshall', 'N/A', 'W', '77', '65'], 21: ['Sat, Feb 27', 'Marshall', 'N/A', 'L', '72', '73'], 22: ['Fri, Mar 5', 'UAB', 'N/A', 'L', '51', '65'], 23: ['Sat, Mar 6', 'UAB', 'N/A', 'L', '61', '65'], 24: ['Wed, Mar 10', 'Middle Tennessee', 'N/A', 'W', '76', '56'], 25: ['Thu, Mar 11', 'Old Dominion', 'N/A', 'W', '61', '55'], 26: ['Fri, Mar 12', 'Louisiana Tech', 'N/A', 'W', '54', '48'], 27: ['Sat, Mar 13', 'Western Kentucky', 'N/A', 'W', '61', '57']}",0.6250362555600707
Old Dominion,144,295,Monarchs,15,8,0.6521739130434783,"{1: ['Wed, Nov 25', 'Maryland', 'N/A', 'L', '67', '85'], 2: ['Sat, Nov 28', 'William & Mary', 'N/A', 'W', '86', '78'], 3: ['Wed, Dec 2', 'Norfolk State', 'N/A', 'W', '80', '66'], 4: ['Sat, Dec 12', 'VCU', 'N/A', 'L', '54', '77'], 5: ['Sun, Dec 20', 'Northeastern', 'N/A', 'W', '66', '62'], 6: ['Tue, Dec 22', 'Wesleyan', 'N/A', 'W', '77', '57'], 7: ['Fri, Jan 1', 'Florida International', 'N/A', 'L', '67', '82'], 8: ['Sat, Jan 2', 'Florida International', 'N/A', 'W', '71', '66'], 9: ['Fri, Jan 8', 'Florida Atlantic', 'N/A', 'W', '71', '67'], 10: ['Sat, Jan 9', 'Florida Atlantic', 'N/A', 'W', '64', '55'], 11: ['Fri, Jan 15', 'Rice', 'N/A', 'L', '59', '69'], 12: ['Sat, Jan 16', 'Rice', 'N/A', 'W', '61', '58'], 13: ['Fri, Feb 5', 'Marshall', 'N/A', 'W', '82', '81'], 14: ['Sat, Feb 6', 'Marshall', 'N/A', 'L', '67', '87'], 15: ['Wed, Feb 10', 'Charlotte', 'N/A', 'W', '78', '76'], 16: ['Sat, Feb 13', 'Charlotte', 'N/A', 'W', '64', '45'], 17: ['Fri, Feb 19', 'UAB', 'N/A', 'L', '69', '76'], 18: ['Sat, Feb 20', 'UAB', 'N/A', 'W', '65', '58'], 19: ['Fri, Feb 26', 'Middle Tennessee', 'N/A', 'W', '67', '61'], 20: ['Sat, Feb 27', 'Middle Tennessee', 'N/A', 'W', '73', '60'], 21: ['Fri, Mar 5', 'Western Kentucky', 'N/A', 'W', '71', '69'], 22: ['Sat, Mar 6', 'Western Kentucky', 'N/A', 'L', '57', '60'], 23: ['Thu, Mar 11', 'North Texas', 'N/A', 'L', '55', '61']}",0.5453298464858221
Rice,145,242,Owls,15,13,0.5357142857142857,"{1: ['Fri, Nov 27', 'Incarnate Word', 'N/A', 'W', '68', '53'], 2: ['Sat, Nov 28', 'Lady of the Lake', 'N/A', 'W', '103', '64'], 3: ['Thu, Dec 3', 'Tourneau', 'N/A', 'W', '94', '74'], 4: ['Sat, Dec 5', 'Houston Baptist', 'N/A', 'W', '86', '64'], 5: ['Sun, Dec 13', 'New Mexico', 'N/A', 'L', '61', '72'], 6: ['Tue, Dec 15', 'Houston Baptist', 'N/A', 'W', '90', '79'], 7: ['Sat, Dec 19', 'Sam Houston State', 'N/A', 'L', '69', '82'], 8: ['Mon, Dec 21', 'New Orleans', 'N/A', 'W', '73', '62'], 9: ['Fri, Jan 1', 'UTSA', 'N/A', 'W', '95', '86'], 10: ['Sat, Jan 2', 'UTSA', 'N/A', 'W', '84', '69'], 11: ['Fri, Jan 8', 'UTEP', 'N/A', 'L', '89', '101'], 12: ['Sat, Jan 9', 'UTEP', 'N/A', 'W', '71', '68'], 13: ['Fri, Jan 15', 'Old Dominion', 'N/A', 'W', '69', '59'], 14: ['Sat, Jan 16', 'Old Dominion', 'N/A', 'L', '58', '61'], 15: ['Fri, Jan 22', 'UAB', 'N/A', 'L', '68', '78'], 16: ['Sat, Jan 23', 'UAB', 'N/A', 'L', '74', '86'], 17: ['Fri, Jan 29', 'North Texas', 'N/A', 'L', '74', '79'], 18: ['Sun, Jan 31', 'North Texas', 'N/A', 'L', '53', '79'], 19: ['Fri, Feb 5', 'Southern Miss', 'N/A', 'W', '88', '62'], 20: ['Sat, Feb 6', 'Southern Miss', 'N/A', 'W', '76', '68'], 21: ['Fri, Feb 12', 'Western Kentucky', 'N/A', 'L', '71', '77'], 22: ['Sat, Feb 13', 'Western Kentucky', 'N/A', 'L', '66', '89'], 23: ['Fri, Feb 26', 'Louisiana Tech', 'N/A', 'L', '57', '101'], 24: ['Sat, Feb 27', 'Louisiana Tech', 'N/A', 'L', '58', '79'], 25: ['Fri, Mar 5', 'Lady of the Lake', 'N/A', 'W', '80', '77'], 26: ['Tue, Mar 9', 'Southern Miss', 'N/A', 'W', '61', '52'], 27: ['Wed, Mar 10', 'Marshall', 'N/A', 'W', '72', '68'], 28: ['Thu, Mar 11', 'UAB', 'N/A', 'L', '60', '73']}",0.5568553603318221
Southern Miss,146,2572,Golden Eagles,8,17,0.32,"{1: ['Sat, Nov 28', 'Jacksonville', 'N/A', 'L', '51', '66'], 2: ['Wed, Dec 2', 'Carey', 'N/A', 'W', '80', '53'], 3: ['Wed, Dec 9', 'Tulane', 'N/A', 'L', '38', '58'], 4: ['Sat, Dec 12', 'South Alabama', 'N/A', 'L', '75', '76'], 5: ['Tue, Dec 15', 'Lamar', 'N/A', 'W', '66', '63'], 6: ['Sat, Dec 19', 'UL Monroe', 'N/A', 'W', '60', '47'], 7: ['Mon, Dec 28', 'New Orleans', 'N/A', 'W', '74', '54'], 8: ['Fri, Jan 1', 'UTEP', 'N/A', 'W', '74', '66'], 9: ['Sat, Jan 2', 'UTEP', 'N/A', 'L', '62', '77'], 10: ['Fri, Jan 8', 'UAB', 'N/A', 'L', '60', '72'], 11: ['Sat, Jan 9', 'UAB', 'N/A', 'L', '58', '62'], 12: ['Fri, Jan 15', 'Middle Tennessee', 'N/A', 'W', '84', '54'], 13: ['Sat, Jan 16', 'Middle Tennessee', 'N/A', 'W', '64', '59'], 14: ['Fri, Jan 22', 'UTSA', 'N/A', 'L', '64', '70'], 15: ['Sat, Jan 23', 'UTSA', 'N/A', 'L', '72', '78'], 16: ['Thu, Jan 28', 'Louisiana Tech', 'N/A', 'L', '63', '76'], 17: ['Sat, Jan 30', 'Louisiana Tech', 'N/A', 'L', '62', '65'], 18: ['Fri, Feb 5', 'Rice', 'N/A', 'L', '62', '88'], 19: ['Sat, Feb 6', 'Rice', 'N/A', 'L', '68', '76'], 20: ['Fri, Feb 12', 'North Texas', 'N/A', 'L', '49', '65'], 21: ['Sat, Feb 13', 'North Texas', 'N/A', 'L', '56', '68'], 22: ['Fri, Feb 19', 'Florida International', 'N/A', 'W', '85', '72'], 23: ['Fri, Feb 26', 'Florida Atlantic', 'N/A', 'L', '60', '69'], 24: ['Sat, Feb 27', 'Florida Atlantic', 'N/A', 'L', '66', '73'], 25: ['Tue, Mar 9', 'Rice', 'N/A', 'L', '52', '61']}",0.5236170319144458
UAB,147,5,Blazers,22,7,0.7586206896551724,"{1: ['Wed, Nov 25', 'Alcorn State', 'N/A', 'W', '99', '50'], 2: ['Sat, Nov 28', 'SE Louisiana', 'N/A', 'W', '84', '59'], 3: ['Wed, Dec 2', 'Kennesaw State', 'N/A', 'W', '73', '48'], 4: ['Sun, Dec 6', 'Troy', 'N/A', 'W', '77', '55'], 5: ['Wed, Dec 9', '', 'N/A', 'W', '89', '64'], 6: ['Sat, Dec 12', 'East Tennessee State', 'N/A', 'W', '65', '61'], 7: ['Wed, Dec 16', 'Southern', 'N/A', 'W', '88', '46'], 8: ['Sat, Dec 19', 'Chattanooga', 'N/A', 'L', '66', '69'], 9: ['Fri, Jan 8', 'Southern Miss', 'N/A', 'W', '72', '60'], 10: ['Sat, Jan 9', 'Southern Miss', 'N/A', 'W', '62', '58'], 11: ['Fri, Jan 15', 'Charlotte', 'N/A', 'W', '61', '37'], 12: ['Sat, Jan 16', 'Charlotte', 'N/A', 'L', '55', '70'], 13: ['Fri, Jan 22', 'Rice', 'N/A', 'W', '78', '68'], 14: ['Sat, Jan 23', 'Rice', 'N/A', 'W', '86', '74'], 15: ['Thu, Jan 28', 'Middle Tennessee', 'N/A', 'W', '70', '59'], 16: ['Sun, Jan 31', 'Middle Tennessee', 'N/A', 'W', '63', '52'], 17: ['Fri, Feb 5', 'UTEP', 'N/A', 'W', '63', '51'], 18: ['Sat, Feb 6', 'UTEP', 'N/A', 'W', '75', '60'], 19: ['Fri, Feb 12', 'Louisiana Tech', 'N/A', 'L', '58', '70'], 20: ['Sat, Feb 13', 'Louisiana Tech', 'N/A', 'L', '64', '69'], 21: ['Fri, Feb 19', 'Old Dominion', 'N/A', 'W', '76', '69'], 22: ['Sat, Feb 20', 'Old Dominion', 'N/A', 'L', '58', '65'], 23: ['Mon, Feb 22', '', 'N/A', 'W', '117', '45'], 24: ['Fri, Feb 26', 'UTSA', 'N/A', 'W', '64', '57'], 25: ['Sat, Feb 27', 'UTSA', 'N/A', 'L', '79', '96'], 26: ['Fri, Mar 5', 'North Texas', 'N/A', 'W', '65', '51'], 27: ['Sat, Mar 6', 'North Texas', 'N/A', 'W', '65', '61'], 28: ['Thu, Mar 11', 'Rice', 'N/A', 'W', '73', '60'], 29: ['Fri, Mar 12', 'Western Kentucky', 'N/A', 'L', '60', '64']}",0.49328617555070114
UTEP,148,2638,Miners,12,12,0.5,"{1: ['Wed, Nov 25', 'Permian Basin', 'N/A', 'W', '100', '81'], 2: ['Sat, Dec 5', 'Ross', 'N/A', 'W', '84', '65'], 3: ['Tue, Dec 8', ""Saint Mary's"", 'N/A', 'L', '61', '73'], 4: ['Sat, Dec 12', 'Arizona', 'N/A', 'L', '61', '69'], 5: ['Wed, Dec 16', 'Arizona State', 'N/A', 'W', '76', '63'], 6: ['Sun, Dec 20', '(AZ)', 'N/A', 'W', '79', '59'], 7: ['Fri, Jan 1', 'Southern Miss', 'N/A', 'L', '66', '74'], 8: ['Sat, Jan 2', 'Southern Miss', 'N/A', 'W', '77', '62'], 9: ['Fri, Jan 8', 'Rice', 'N/A', 'W', '101', '89'], 10: ['Sat, Jan 9', 'Rice', 'N/A', 'L', '68', '71'], 11: ['Fri, Jan 15', 'North Texas', 'N/A', 'L', '33', '63'], 12: ['Sat, Jan 16', 'North Texas', 'N/A', 'L', '65', '74'], 13: ['Fri, Jan 22', 'Louisiana Tech', 'N/A', 'W', '82', '74'], 14: ['Sat, Jan 23', 'Louisiana Tech', 'N/A', 'L', '55', '73'], 15: ['Thu, Jan 28', 'UTSA', 'N/A', 'L', '79', '86'], 16: ['Sat, Jan 30', 'UTSA', 'N/A', 'W', '69', '51'], 17: ['Fri, Feb 5', 'UAB', 'N/A', 'L', '51', '63'], 18: ['Sat, Feb 6', 'UAB', 'N/A', 'L', '60', '75'], 19: ['Fri, Feb 12', 'Florida International', 'N/A', 'W', '75', '59'], 20: ['Sat, Feb 13', 'Florida International', 'N/A', 'W', '77', '68'], 21: ['Sat, Feb 27', 'Charlotte', 'N/A', 'W', '70', '47'], 22: ['Sun, Feb 28', 'Charlotte', 'N/A', 'W', '77', '62'], 23: ['Thu, Mar 4', 'Kansas', '13', 'L', '62', '67'], 24: ['Wed, Mar 10', 'Florida Atlantic', 'N/A', 'L', '70', '76']}",0.5790378756200132
UTSA,149,2636,Roadrunners,15,11,0.5769230769230769,"{1: ['Fri, Nov 27', 'Permian Basin', 'N/A', 'W', '97', '71'], 2: ['Sat, Nov 28', 'UT Rio Grande Valley', 'N/A', 'L', '64', '81'], 3: ['Thu, Dec 3', 'Oklahoma', 'N/A', 'L', '66', '105'], 4: ['Fri, Dec 4', 'Ross', 'N/A', 'W', '91', '62'], 5: ['Wed, Dec 16', 'Oregon State', 'N/A', 'L', '61', '73'], 6: ['Sun, Dec 20', 'Lady of the Lake', 'N/A', 'W', '102', '70'], 7: ['Tue, Dec 22', 'Lamar', 'N/A', 'W', '88', '66'], 8: ['Fri, Jan 1', 'Rice', 'N/A', 'L', '86', '95'], 9: ['Sat, Jan 2', 'Rice', 'N/A', 'L', '69', '84'], 10: ['Fri, Jan 8', 'North Texas', 'N/A', 'L', '70', '77'], 11: ['Sat, Jan 9', 'North Texas', 'N/A', 'W', '77', '69'], 12: ['Fri, Jan 15', 'Louisiana Tech', 'N/A', 'L', '66', '77'], 13: ['Sat, Jan 16', 'Louisiana Tech', 'N/A', 'L', '66', '82'], 14: ['Fri, Jan 22', 'Southern Miss', 'N/A', 'W', '70', '64'], 15: ['Sat, Jan 23', 'Southern Miss', 'N/A', 'W', '78', '72'], 16: ['Thu, Jan 28', 'UTEP', 'N/A', 'W', '86', '79'], 17: ['Sat, Jan 30', 'UTEP', 'N/A', 'L', '51', '69'], 18: ['Fri, Feb 5', 'Florida International', 'N/A', 'W', '87', '80'], 19: ['Sat, Feb 6', 'Florida International', 'N/A', 'W', '90', '47'], 20: ['Fri, Feb 12', 'Florida Atlantic', 'N/A', 'W', '84', '80'], 21: ['Sat, Feb 13', 'Florida Atlantic', 'N/A', 'W', '86', '75'], 22: ['Fri, Feb 26', 'UAB', 'N/A', 'L', '57', '64'], 23: ['Sat, Feb 27', 'UAB', 'N/A', 'W', '96', '79'], 24: ['Thu, Mar 4', 'Adventist', 'N/A', 'W', '123', '43'], 25: ['Wed, Mar 10', 'Charlotte', 'N/A', 'W', '72', '62'], 26: ['Thu, Mar 11', 'Western Kentucky', 'N/A', 'L', '67', '80']}",0.5480999464251259
Western Kentucky,150,98,Hilltoppers,21,7,0.75,"{1: ['Wed, Mar 17', ""Saint Mary's"", '2', 'W', '69', '67'], 2: ['Wed, Nov 25', 'Northern Iowa', 'N/A', 'W', '93', '87'], 3: ['Thu, Nov 26', 'Memphis', 'N/A', 'W', '75', '69'], 4: ['Fri, Nov 27', 'West Virginia', '15', 'L', '64', '70'], 5: ['Tue, Dec 1', 'Louisville', 'N/A', 'L', '54', '75'], 6: ['Sun, Dec 6', 'Mississippi Valley State', 'N/A', 'W', '96', '69'], 7: ['Thu, Dec 10', 'Gardner-Webb', 'N/A', 'W', '86', '84'], 8: ['Sun, Dec 13', 'Rhode Island', 'N/A', 'W', '68', '65'], 9: ['Sat, Dec 19', 'Alabama', 'N/A', 'W', '73', '71'], 10: ['Tue, Dec 22', 'Tennessee Tech', 'N/A', 'W', '88', '68'], 11: ['Fri, Jan 1', 'Charlotte', 'N/A', 'W', '67', '63'], 12: ['Sat, Jan 2', 'Charlotte', 'N/A', 'L', '71', '75'], 13: ['Fri, Jan 8', 'Louisiana Tech', 'N/A', 'W', '66', '64'], 14: ['Sat, Jan 9', 'Louisiana Tech', 'N/A', 'L', '58', '63'], 15: ['Fri, Jan 15', 'Marshall', 'N/A', 'W', '81', '73'], 16: ['Sun, Jan 17', 'Marshall', 'N/A', 'W', '69', '67'], 17: ['Sat, Jan 23', 'Middle Tennessee', 'N/A', 'W', '82', '67'], 18: ['Sun, Jan 24', 'Middle Tennessee', 'N/A', 'W', '68', '52'], 19: ['Fri, Feb 12', 'Rice', 'N/A', 'W', '77', '71'], 20: ['Sat, Feb 13', 'Rice', 'N/A', 'W', '89', '66'], 21: ['Thu, Feb 25', 'Houston', '12', 'L', '57', '81'], 22: ['Sun, Feb 28', 'Florida International', 'N/A', 'W', '91', '58'], 23: ['Mon, Mar 1', 'Florida International', 'N/A', 'W', '71', '59'], 24: ['Fri, Mar 5', 'Old Dominion', 'N/A', 'L', '69', '71'], 25: ['Sat, Mar 6', 'Old Dominion', 'N/A', 'W', '60', '57'], 26: ['Thu, Mar 11', 'UTSA', 'N/A', 'W', '80', '67'], 27: ['Fri, Mar 12', 'UAB', 'N/A', 'W', '64', '60'], 28: ['Sat, Mar 13', 'North Texas', 'N/A', 'L', '57', '61']}",0.607905886399741
Cleveland State,151,325,Vikings,19,8,0.7037037037037037,"{1: ['Fri, Mar 19', 'Houston', '2', 'L', '56', '87'], 2: ['Tue, Dec 1', 'Toledo', 'N/A', 'L', '61', '70'], 3: ['Sun, Dec 6', 'Ohio', 'N/A', 'L', '46', '101'], 4: ['Sun, Dec 13', 'Ohio State', '22', 'L', '61', '67'], 5: ['Sat, Dec 19', 'Purdue Fort Wayne', 'N/A', 'W', '63', '61'], 6: ['Sun, Dec 20', 'Purdue Fort Wayne', 'N/A', 'W', '89', '80'], 7: ['Sat, Dec 26', 'Youngstown State', 'N/A', 'W', '87', '69'], 8: ['Sun, Dec 27', 'Youngstown State', 'N/A', 'W', '81', '74'], 9: ['Fri, Jan 1', 'IUPUI', 'N/A', 'W', '65', '62'], 10: ['Sat, Jan 2', 'IUPUI', 'N/A', 'W', '59', '49'], 11: ['Fri, Jan 8', 'Northern Kentucky', 'N/A', 'W', '58', '44'], 12: ['Sat, Jan 9', 'Northern Kentucky', 'N/A', 'W', '74', '71'], 13: ['Fri, Jan 15', 'Wright State', 'N/A', 'W', '66', '64'], 14: ['Sat, Jan 16', 'Wright State', 'N/A', 'L', '49', '85'], 15: ['Fri, Jan 22', 'Milwaukee', 'N/A', 'W', '64', '53'], 16: ['Sat, Jan 23', 'Milwaukee', 'N/A', 'L', '80', '81'], 17: ['Fri, Jan 29', 'Green Bay', 'N/A', 'W', '74', '68'], 18: ['Sat, Jan 30', 'Green Bay', 'N/A', 'W', '73', '65'], 19: ['Fri, Feb 5', 'Oakland', 'N/A', 'W', '80', '72'], 20: ['Sat, Feb 6', 'Oakland', 'N/A', 'W', '80', '78'], 21: ['Fri, Feb 12', 'Detroit Mercy', 'N/A', 'L', '83', '89'], 22: ['Sat, Feb 13', 'Detroit Mercy', 'N/A', 'W', '71', '64'], 23: ['Fri, Feb 19', 'Purdue Fort Wayne', 'N/A', 'L', '68', '75'], 24: ['Sat, Feb 20', 'Purdue Fort Wayne', 'N/A', 'W', '67', '55'], 25: ['Tue, Mar 2', 'Purdue Fort Wayne', 'N/A', 'W', '108', '104'], 26: ['Mon, Mar 8', 'Milwaukee', 'N/A', 'W', '71', '65'], 27: ['Tue, Mar 9', 'Oakland', 'N/A', 'W', '80', '69']}",0.5505291007539722
Detroit Mercy,152,2174,Titans,12,10,0.5454545454545454,"{1: ['Fri, Dec 4', 'Michigan State', '8', 'L', '76', '83'], 2: ['Sun, Dec 6', 'Notre Dame', 'N/A', 'L', '70', '78'], 3: ['Tue, Dec 8', 'Kent State', 'N/A', 'L', '66', '80'], 4: ['Sat, Dec 12', 'Western Michigan', 'N/A', 'W', '67', '57'], 5: ['Sat, Dec 19', 'Wright State', 'N/A', 'L', '70', '93'], 6: ['Sun, Dec 20', 'Wright State', 'N/A', 'L', '72', '85'], 7: ['Sat, Dec 26', 'Oakland', 'N/A', 'L', '75', '77'], 8: ['Sun, Dec 27', 'Oakland', 'N/A', 'L', '80', '83'], 9: ['Fri, Jan 15', 'Green Bay', 'N/A', 'W', '86', '61'], 10: ['Sat, Jan 16', 'Green Bay', 'N/A', 'W', '68', '65'], 11: ['Fri, Jan 22', 'Oakland', 'N/A', 'L', '81', '86'], 12: ['Sat, Jan 23', 'Oakland', 'N/A', 'W', '82', '72'], 13: ['Fri, Jan 29', 'Youngstown State', 'N/A', 'W', '78', '75'], 14: ['Sat, Jan 30', 'Youngstown State', 'N/A', 'W', '77', '72'], 15: ['Fri, Feb 5', 'Purdue Fort Wayne', 'N/A', 'W', '82', '72'], 16: ['Sat, Feb 6', 'Purdue Fort Wayne', 'N/A', 'W', '83', '56'], 17: ['Fri, Feb 12', 'Cleveland State', 'N/A', 'W', '89', '83'], 18: ['Sat, Feb 13', 'Cleveland State', 'N/A', 'L', '64', '71'], 19: ['Fri, Feb 19', 'Robert Morris', 'N/A', 'W', '85', '74'], 20: ['Sat, Feb 20', 'Robert Morris', 'N/A', 'W', '80', '61'], 21: ['Thu, Feb 25', 'Robert Morris', 'N/A', 'W', '83', '73'], 22: ['Tue, Mar 2', 'Northern Kentucky', 'N/A', 'L', '69', '70']}",0.4903095454422688
Green Bay,153,2739,Phoenix,8,17,0.32,"{1: ['Wed, Nov 25', 'Minnesota', 'N/A', 'L', '69', '99'], 2: ['Tue, Dec 1', 'Wisconsin', '4', 'L', '42', '82'], 3: ['Sat, Dec 5', 'Eastern Illinois', 'N/A', 'L', '91', '93'], 4: ['Tue, Dec 8', 'Marquette', 'N/A', 'L', '68', '82'], 5: ['Sat, Dec 19', 'Milwaukee', 'N/A', 'L', '65', '68'], 6: ['Sun, Dec 20', 'Milwaukee', 'N/A', 'L', '62', '74'], 7: ['Sat, Dec 26', 'Wright State', 'N/A', 'L', '53', '67'], 8: ['Sun, Dec 27', 'Wright State', 'N/A', 'L', '77', '90'], 9: ['Fri, Jan 1', 'Youngstown State', 'N/A', 'L', '77', '84'], 10: ['Sat, Jan 2', 'Youngstown State', 'N/A', 'W', '79', '69'], 11: ['Fri, Jan 8', 'Oakland', 'N/A', 'W', '84', '81'], 12: ['Sat, Jan 9', 'Oakland', 'N/A', 'W', '87', '78'], 13: ['Fri, Jan 15', 'Detroit Mercy', 'N/A', 'L', '61', '86'], 14: ['Sat, Jan 16', 'Detroit Mercy', 'N/A', 'L', '65', '68'], 15: ['Fri, Jan 22', 'Purdue Fort Wayne', 'N/A', 'W', '77', '59'], 16: ['Sat, Jan 23', 'Purdue Fort Wayne', 'N/A', 'W', '87', '72'], 17: ['Fri, Jan 29', 'Cleveland State', 'N/A', 'L', '68', '74'], 18: ['Sat, Jan 30', 'Cleveland State', 'N/A', 'L', '65', '73'], 19: ['Fri, Feb 5', 'IUPUI', 'N/A', 'L', '71', '80'], 20: ['Sat, Feb 6', 'IUPUI', 'N/A', 'W', '79', '72'], 21: ['Fri, Feb 12', 'Northern Kentucky', 'N/A', 'W', '86', '82'], 22: ['Sat, Feb 13', 'Northern Kentucky', 'N/A', 'L', '66', '71'], 23: ['Fri, Feb 19', 'UIC', 'N/A', 'L', '58', '61'], 24: ['Sat, Feb 20', 'UIC', 'N/A', 'W', '69', '59'], 25: ['Thu, Feb 25', 'Purdue Fort Wayne', 'N/A', 'L', '84', '89']}",0.5414114433301433
IUPUI,154,85,Jaguars,8,10,0.4444444444444444,"{1: ['Sat, Dec 12', 'Tennessee State', 'N/A', 'W', '69', '66'], 2: ['Fri, Jan 1', 'Cleveland State', 'N/A', 'L', '62', '65'], 3: ['Sat, Jan 2', 'Cleveland State', 'N/A', 'L', '49', '59'], 4: ['Fri, Jan 8', 'Milwaukee', 'N/A', 'L', '70', '94'], 5: ['Sat, Jan 9', 'Milwaukee', 'N/A', 'L', '63', '71'], 6: ['Fri, Jan 15', 'Northern Kentucky', 'N/A', 'W', '74', '69'], 7: ['Sat, Jan 16', 'Northern Kentucky', 'N/A', 'W', '65', '63'], 8: ['Fri, Jan 22', 'Wright State', 'N/A', 'L', '65', '95'], 9: ['Sat, Jan 23', 'Wright State', 'N/A', 'L', '72', '100'], 10: ['Fri, Jan 29', 'Milwaukee', 'N/A', 'W', '73', '68'], 11: ['Sat, Jan 30', 'Milwaukee', 'N/A', 'L', '76', '83'], 12: ['Fri, Feb 5', 'Green Bay', 'N/A', 'W', '80', '71'], 13: ['Sat, Feb 6', 'Green Bay', 'N/A', 'L', '72', '79'], 14: ['Fri, Feb 12', 'UIC', 'N/A', 'W', '89', '69'], 15: ['Sat, Feb 13', 'UIC', 'N/A', 'W', '88', '81'], 16: ['Fri, Feb 19', 'Youngstown State', 'N/A', 'W', '72', '70'], 17: ['Sat, Feb 20', 'Youngstown State', 'N/A', 'L', '70', '77'], 18: ['Thu, Feb 25', 'Milwaukee', 'N/A', 'L', '72', '84']}",0.5024078140503261
Milwaukee,155,270,Panthers,10,12,0.4545454545454545,"{1: ['Fri, Dec 11', 'Kansas State', 'N/A', 'L', '75', '76'], 2: ['Sun, Dec 13', 'Western Michigan', 'N/A', 'W', '71', '63'], 3: ['Sat, Dec 19', 'Green Bay', 'N/A', 'W', '68', '65'], 4: ['Sun, Dec 20', 'Green Bay', 'N/A', 'W', '74', '62'], 5: ['Fri, Jan 1', 'Robert Morris', 'N/A', 'L', '64', '67'], 6: ['Fri, Jan 8', 'IUPUI', 'N/A', 'W', '94', '70'], 7: ['Sat, Jan 9', 'IUPUI', 'N/A', 'W', '71', '63'], 8: ['Fri, Jan 15', 'Purdue Fort Wayne', 'N/A', 'L', '72', '81'], 9: ['Sat, Jan 16', 'Purdue Fort Wayne', 'N/A', 'L', '74', '81'], 10: ['Fri, Jan 22', 'Cleveland State', 'N/A', 'L', '53', '64'], 11: ['Sat, Jan 23', 'Cleveland State', 'N/A', 'W', '81', '80'], 12: ['Fri, Jan 29', 'IUPUI', 'N/A', 'L', '68', '73'], 13: ['Sat, Jan 30', 'IUPUI', 'N/A', 'W', '83', '76'], 14: ['Fri, Feb 5', 'Northern Kentucky', 'N/A', 'L', '73', '87'], 15: ['Sat, Feb 6', 'Northern Kentucky', 'N/A', 'L', '65', '79'], 16: ['Fri, Feb 12', 'Wright State', 'N/A', 'L', '81', '92'], 17: ['Sat, Feb 13', 'Wright State', 'N/A', 'L', '82', '92'], 18: ['Fri, Feb 19', 'Oakland', 'N/A', 'L', '81', '85'], 19: ['Sat, Feb 20', 'Oakland', 'N/A', 'W', '89', '87'], 20: ['Thu, Feb 25', 'IUPUI', 'N/A', 'W', '84', '72'], 21: ['Tue, Mar 2', 'Wright State', 'N/A', 'W', '94', '92'], 22: ['Mon, Mar 8', 'Cleveland State', 'N/A', 'L', '65', '71']}",0.4817250858507862
Northern Kentucky,156,94,Norse,14,11,0.56,"{1: ['Wed, Nov 25', 'Ball State', 'N/A', 'W', '74', '73'], 2: ['Thu, Dec 3', 'Tennessee Tech', 'N/A', 'W', '74', '65'], 3: ['Sat, Dec 5', 'Chattanooga', 'N/A', 'L', '72', '79'], 4: ['Tue, Dec 8', 'Dayton', 'N/A', 'L', '60', '66'], 5: ['Sun, Dec 13', 'Kent State', 'N/A', 'L', '73', '92'], 6: ['Sat, Dec 19', 'Youngstown State', 'N/A', 'W', '79', '64'], 7: ['Sun, Dec 20', 'Youngstown State', 'N/A', 'L', '60', '70'], 8: ['Fri, Jan 1', 'Purdue Fort Wayne', 'N/A', 'W', '75', '68'], 9: ['Sat, Jan 2', 'Purdue Fort Wayne', 'N/A', 'W', '70', '68'], 10: ['Fri, Jan 8', 'Cleveland State', 'N/A', 'L', '44', '58'], 11: ['Sat, Jan 9', 'Cleveland State', 'N/A', 'L', '71', '74'], 12: ['Fri, Jan 15', 'IUPUI', 'N/A', 'L', '69', '74'], 13: ['Sat, Jan 16', 'IUPUI', 'N/A', 'L', '63', '65'], 14: ['Fri, Jan 22', 'Robert Morris', 'N/A', 'W', '81', '76'], 15: ['Sat, Jan 23', 'Robert Morris', 'N/A', 'W', '79', '74'], 16: ['Fri, Jan 29', 'UIC', 'N/A', 'W', '72', '68'], 17: ['Sat, Jan 30', 'UIC', 'N/A', 'W', '69', '67'], 18: ['Fri, Feb 5', 'Milwaukee', 'N/A', 'W', '87', '73'], 19: ['Sat, Feb 6', 'Milwaukee', 'N/A', 'W', '79', '65'], 20: ['Fri, Feb 12', 'Green Bay', 'N/A', 'L', '82', '86'], 21: ['Sat, Feb 13', 'Green Bay', 'N/A', 'W', '71', '66'], 22: ['Fri, Feb 19', 'Wright State', 'N/A', 'W', '81', '75'], 23: ['Sat, Feb 20', 'Wright State', 'N/A', 'L', '71', '77'], 24: ['Tue, Mar 2', 'Detroit Mercy', 'N/A', 'W', '70', '69'], 25: ['Mon, Mar 8', 'Oakland', 'N/A', 'L', '58', '69']}",0.4753848887276806
Oakland,157,2473,Golden Grizzlies,12,18,0.4,"{1: ['Wed, Nov 25', 'Xavier', 'N/A', 'L', '49', '101'], 2: ['Thu, Nov 26', 'Toledo', 'N/A', 'L', '53', '80'], 3: ['Fri, Nov 27', 'Bradley', 'N/A', 'L', '60', '74'], 4: ['Sun, Nov 29', 'Michigan', '25', 'L', '71', '81'], 5: ['Tue, Dec 1', 'Purdue', 'N/A', 'L', '50', '93'], 6: ['Sat, Dec 5', 'Oklahoma State', 'N/A', 'L', '71', '84'], 7: ['Sun, Dec 13', 'Michigan State', '4', 'L', '91', '109'], 8: ['Sat, Dec 19', 'UIC', 'N/A', 'L', '72', '74'], 9: ['Sun, Dec 20', 'UIC', 'N/A', 'L', '73', '90'], 10: ['Sat, Dec 26', 'Detroit Mercy', 'N/A', 'W', '77', '75'], 11: ['Sun, Dec 27', 'Detroit Mercy', 'N/A', 'W', '83', '80'], 12: ['Fri, Jan 1', 'Wright State', 'N/A', 'L', '51', '90'], 13: ['Sat, Jan 2', 'Wright State', 'N/A', 'W', '81', '71'], 14: ['Fri, Jan 8', 'Green Bay', 'N/A', 'L', '81', '84'], 15: ['Sat, Jan 9', 'Green Bay', 'N/A', 'L', '78', '87'], 16: ['Fri, Jan 15', 'Youngstown State', 'N/A', 'W', '82', '65'], 17: ['Sat, Jan 16', 'Youngstown State', 'N/A', 'W', '81', '74'], 18: ['Fri, Jan 22', 'Detroit Mercy', 'N/A', 'W', '86', '81'], 19: ['Sat, Jan 23', 'Detroit Mercy', 'N/A', 'L', '72', '82'], 20: ['Fri, Jan 29', 'Purdue Fort Wayne', 'N/A', 'W', '81', '66'], 21: ['Sat, Jan 30', 'Purdue Fort Wayne', 'N/A', 'W', '82', '75'], 22: ['Fri, Feb 5', 'Cleveland State', 'N/A', 'L', '72', '80'], 23: ['Sat, Feb 6', 'Cleveland State', 'N/A', 'L', '78', '80'], 24: ['Fri, Feb 12', 'Robert Morris', 'N/A', 'L', '82', '88'], 25: ['Sat, Feb 13', 'Robert Morris', 'N/A', 'W', '86', '81'], 26: ['Fri, Feb 19', 'Milwaukee', 'N/A', 'W', '85', '81'], 27: ['Sat, Feb 20', 'Milwaukee', 'N/A', 'L', '87', '89'], 28: ['Tue, Mar 2', 'Youngstown State', 'N/A', 'W', '87', '83'], 29: ['Mon, Mar 8', 'Northern Kentucky', 'N/A', 'W', '69', '58'], 30: ['Tue, Mar 9', 'Cleveland State', 'N/A', 'L', '69', '80']}",0.5668633966528546
Purdue Fort Wayne,158,2870,Mastodons,8,15,0.3478260869565217,"{1: ['Wed, Nov 25', 'SE Louisiana', 'N/A', 'W', '67', '63'], 2: ['Sat, Dec 19', 'Cleveland State', 'N/A', 'L', '61', '63'], 3: ['Sun, Dec 20', 'Cleveland State', 'N/A', 'L', '80', '89'], 4: ['Sat, Dec 26', 'Robert Morris', 'N/A', 'L', '88', '102'], 5: ['Sun, Dec 27', 'Robert Morris', 'N/A', 'W', '87', '82'], 6: ['Fri, Jan 1', 'Northern Kentucky', 'N/A', 'L', '68', '75'], 7: ['Sat, Jan 2', 'Northern Kentucky', 'N/A', 'L', '68', '70'], 8: ['Fri, Jan 8', 'UIC', 'N/A', 'W', '96', '89'], 9: ['Sat, Jan 9', 'UIC', 'N/A', 'W', '88', '55'], 10: ['Fri, Jan 15', 'Milwaukee', 'N/A', 'W', '81', '72'], 11: ['Sat, Jan 16', 'Milwaukee', 'N/A', 'W', '81', '74'], 12: ['Fri, Jan 22', 'Green Bay', 'N/A', 'L', '59', '77'], 13: ['Sat, Jan 23', 'Green Bay', 'N/A', 'L', '72', '87'], 14: ['Fri, Jan 29', 'Oakland', 'N/A', 'L', '66', '81'], 15: ['Sat, Jan 30', 'Oakland', 'N/A', 'L', '75', '82'], 16: ['Fri, Feb 5', 'Detroit Mercy', 'N/A', 'L', '72', '82'], 17: ['Sat, Feb 6', 'Detroit Mercy', 'N/A', 'L', '56', '83'], 18: ['Fri, Feb 12', 'Youngstown State', 'N/A', 'L', '70', '84'], 19: ['Sat, Feb 13', 'Youngstown State', 'N/A', 'L', '70', '72'], 20: ['Fri, Feb 19', 'Cleveland State', 'N/A', 'W', '75', '68'], 21: ['Sat, Feb 20', 'Cleveland State', 'N/A', 'L', '55', '67'], 22: ['Thu, Feb 25', 'Green Bay', 'N/A', 'W', '89', '84'], 23: ['Tue, Mar 2', 'Cleveland State', 'N/A', 'L', '104', '108']}",0.48071984291663933
Robert Morris,159,2523,Colonials,4,15,0.21052631578947367,"{1: ['Sat, Dec 5', 'Park', 'N/A', 'W', '75', '57'], 2: ['Fri, Dec 18', 'Bowling Green', 'N/A', 'L', '65', '85'], 3: ['Sun, Dec 20', 'Marshall', 'N/A', 'L', '71', '85'], 4: ['Sat, Dec 26', 'Purdue Fort Wayne', 'N/A', 'W', '102', '88'], 5: ['Sun, Dec 27', 'Purdue Fort Wayne', 'N/A', 'L', '82', '87'], 6: ['Fri, Jan 1', 'Milwaukee', 'N/A', 'W', '67', '64'], 7: ['Fri, Jan 15', 'UIC', 'N/A', 'L', '53', '67'], 8: ['Sat, Jan 16', 'UIC', 'N/A', 'L', '62', '66'], 9: ['Fri, Jan 22', 'Northern Kentucky', 'N/A', 'L', '76', '81'], 10: ['Sat, Jan 23', 'Northern Kentucky', 'N/A', 'L', '74', '79'], 11: ['Fri, Jan 29', 'Wright State', 'N/A', 'L', '70', '79'], 12: ['Sat, Jan 30', 'Wright State', 'N/A', 'L', '56', '86'], 13: ['Fri, Feb 5', 'Youngstown State', 'N/A', 'L', '78', '84'], 14: ['Sat, Feb 6', 'Youngstown State', 'N/A', 'L', '66', '70'], 15: ['Fri, Feb 12', 'Oakland', 'N/A', 'W', '88', '82'], 16: ['Sat, Feb 13', 'Oakland', 'N/A', 'L', '81', '86'], 17: ['Fri, Feb 19', 'Detroit Mercy', 'N/A', 'L', '74', '85'], 18: ['Sat, Feb 20', 'Detroit Mercy', 'N/A', 'L', '61', '80'], 19: ['Thu, Feb 25', 'Detroit Mercy', 'N/A', 'L', '73', '83']}",0.520981798662958
UIC,160,82,Flames,9,13,0.4090909090909091,"{1: ['Wed, Nov 25', 'Northern Illinois', 'N/A', 'W', '65', '61'], 2: ['Sat, Nov 28', 'Central Michigan', 'N/A', 'W', '74', '72'], 3: ['Tue, Dec 1', 'Valparaiso', 'N/A', 'W', '66', '50'], 4: ['Sat, Dec 5', 'Ball State', 'N/A', 'L', '66', '68'], 5: ['Sun, Dec 13', 'Loyola Chicago', 'N/A', 'L', '66', '77'], 6: ['Sat, Dec 19', 'Oakland', 'N/A', 'W', '74', '72'], 7: ['Sun, Dec 20', 'Oakland', 'N/A', 'W', '90', '73'], 8: ['Fri, Jan 8', 'Purdue Fort Wayne', 'N/A', 'L', '89', '96'], 9: ['Sat, Jan 9', 'Purdue Fort Wayne', 'N/A', 'L', '55', '88'], 10: ['Fri, Jan 15', 'Robert Morris', 'N/A', 'W', '67', '53'], 11: ['Sat, Jan 16', 'Robert Morris', 'N/A', 'W', '66', '62'], 12: ['Fri, Jan 22', 'Youngstown State', 'N/A', 'W', '67', '66'], 13: ['Sat, Jan 23', 'Youngstown State', 'N/A', 'L', '77', '85'], 14: ['Fri, Jan 29', 'Northern Kentucky', 'N/A', 'L', '68', '72'], 15: ['Sat, Jan 30', 'Northern Kentucky', 'N/A', 'L', '67', '69'], 16: ['Fri, Feb 5', 'Wright State', 'N/A', 'L', '47', '72'], 17: ['Sat, Feb 6', 'Wright State', 'N/A', 'L', '57', '77'], 18: ['Fri, Feb 12', 'IUPUI', 'N/A', 'L', '69', '89'], 19: ['Sat, Feb 13', 'IUPUI', 'N/A', 'L', '81', '88'], 20: ['Fri, Feb 19', 'Green Bay', 'N/A', 'W', '61', '58'], 21: ['Sat, Feb 20', 'Green Bay', 'N/A', 'L', '59', '69'], 22: ['Thu, Feb 25', 'Youngstown State', 'N/A', 'L', '58', '74']}",0.44786795711280836
Wright State,161,2750,Raiders,18,6,0.75,"{1: ['Thu, Dec 3', 'Marshall', 'N/A', 'L', '64', '80'], 2: ['Sat, Dec 5', 'Miami (OH)', 'N/A', 'W', '71', '47'], 3: ['Sun, Dec 13', 'Bowling Green', 'N/A', 'W', '85', '67'], 4: ['Sat, Dec 19', 'Detroit Mercy', 'N/A', 'W', '93', '70'], 5: ['Sun, Dec 20', 'Detroit Mercy', 'N/A', 'W', '85', '72'], 6: ['Sat, Dec 26', 'Green Bay', 'N/A', 'W', '67', '53'], 7: ['Sun, Dec 27', 'Green Bay', 'N/A', 'W', '90', '77'], 8: ['Fri, Jan 1', 'Oakland', 'N/A', 'W', '90', '51'], 9: ['Sat, Jan 2', 'Oakland', 'N/A', 'L', '71', '81'], 10: ['Fri, Jan 8', 'Youngstown State', 'N/A', 'L', '72', '74'], 11: ['Sat, Jan 9', 'Youngstown State', 'N/A', 'W', '93', '55'], 12: ['Fri, Jan 15', 'Cleveland State', 'N/A', 'L', '64', '66'], 13: ['Sat, Jan 16', 'Cleveland State', 'N/A', 'W', '85', '49'], 14: ['Fri, Jan 22', 'IUPUI', 'N/A', 'W', '95', '65'], 15: ['Sat, Jan 23', 'IUPUI', 'N/A', 'W', '100', '72'], 16: ['Fri, Jan 29', 'Robert Morris', 'N/A', 'W', '79', '70'], 17: ['Sat, Jan 30', 'Robert Morris', 'N/A', 'W', '86', '56'], 18: ['Fri, Feb 5', 'UIC', 'N/A', 'W', '72', '47'], 19: ['Sat, Feb 6', 'UIC', 'N/A', 'W', '77', '57'], 20: ['Fri, Feb 12', 'Milwaukee', 'N/A', 'W', '92', '81'], 21: ['Sat, Feb 13', 'Milwaukee', 'N/A', 'W', '92', '82'], 22: ['Fri, Feb 19', 'Northern Kentucky', 'N/A', 'L', '75', '81'], 23: ['Sat, Feb 20', 'Northern Kentucky', 'N/A', 'W', '77', '71'], 24: ['Tue, Mar 2', 'Milwaukee', 'N/A', 'L', '92', '94']}",0.476031025998608
Youngstown State,162,2754,Penguins,15,12,0.5555555555555556,"{1: ['Wed, Dec 9', 'Park', 'N/A', 'W', '72', '52'], 2: ['Sun, Dec 13', 'Binghamton', 'N/A', 'W', '79', '65'], 3: ['Mon, Dec 14', 'Virginia Tech', 'N/A', 'W', '80', '66'], 4: ['Sat, Dec 19', 'Northern Kentucky', 'N/A', 'L', '64', '79'], 5: ['Sun, Dec 20', 'Northern Kentucky', 'N/A', 'W', '70', '60'], 6: ['Sat, Dec 26', 'Cleveland State', 'N/A', 'L', '69', '87'], 7: ['Sun, Dec 27', 'Cleveland State', 'N/A', 'L', '74', '81'], 8: ['Fri, Jan 1', 'Green Bay', 'N/A', 'W', '84', '77'], 9: ['Sat, Jan 2', 'Green Bay', 'N/A', 'L', '69', '79'], 10: ['Mon, Jan 4', 'University', 'N/A', 'W', '109', '56'], 11: ['Fri, Jan 8', 'Wright State', 'N/A', 'W', '74', '72'], 12: ['Sat, Jan 9', 'Wright State', 'N/A', 'L', '55', '93'], 13: ['Fri, Jan 15', 'Oakland', 'N/A', 'L', '65', '82'], 14: ['Sat, Jan 16', 'Oakland', 'N/A', 'L', '74', '81'], 15: ['Fri, Jan 22', 'UIC', 'N/A', 'L', '66', '67'], 16: ['Sat, Jan 23', 'UIC', 'N/A', 'W', '85', '77'], 17: ['Fri, Jan 29', 'Detroit Mercy', 'N/A', 'L', '75', '78'], 18: ['Sat, Jan 30', 'Detroit Mercy', 'N/A', 'L', '72', '77'], 19: ['Fri, Feb 5', 'Robert Morris', 'N/A', 'W', '84', '78'], 20: ['Sat, Feb 6', 'Robert Morris', 'N/A', 'W', '70', '66'], 21: ['Mon, Feb 8', 'College', 'N/A', 'W', '60', '50'], 22: ['Fri, Feb 12', 'Purdue Fort Wayne', 'N/A', 'W', '84', '70'], 23: ['Sat, Feb 13', 'Purdue Fort Wayne', 'N/A', 'W', '72', '70'], 24: ['Fri, Feb 19', 'IUPUI', 'N/A', 'L', '70', '72'], 25: ['Sat, Feb 20', 'IUPUI', 'N/A', 'W', '77', '70'], 26: ['Thu, Feb 25', 'UIC', 'N/A', 'W', '74', '58'], 27: ['Tue, Mar 2', 'Oakland', 'N/A', 'L', '83', '87']}",0.4623009718337712
Canisius,163,2099,Golden Griffins,7,6,0.5384615384615384,"{1: ['Fri, Dec 11', 'Marist', 'N/A', 'W', '81', '72'], 2: ['Sat, Dec 12', 'Marist', 'N/A', 'L', '52', '56'], 3: ['Sun, Dec 27', 'Monmouth', 'N/A', 'L', '66', '84'], 4: ['Mon, Dec 28', 'Monmouth', 'N/A', 'L', '69', '97'], 5: ['Fri, Jan 1', ""Saint Peter's"", 'N/A', 'W', '70', '58'], 6: ['Sat, Jan 2', ""Saint Peter's"", 'N/A', 'W', '63', '60'], 7: ['Fri, Feb 12', 'Quinnipiac', 'N/A', 'W', '74', '67'], 8: ['Sat, Feb 13', 'Quinnipiac', 'N/A', 'W', '89', '70'], 9: ['Fri, Feb 19', 'Fairfield', 'N/A', 'W', '80', '69'], 10: ['Sat, Feb 20', 'Fairfield', 'N/A', 'L', '53', '66'], 11: ['Thu, Mar 4', 'Siena', 'N/A', 'L', '66', '73'], 12: ['Fri, Mar 5', 'Siena', 'N/A', 'W', '76', '75'], 13: ['Mon, Mar 8', 'Rider', 'N/A', 'L', '76', '78']}",0.5149549209907266
Fairfield,164,2217,Stags,10,17,0.3703703703703704,"{1: ['Wed, Nov 25', 'Providence', 'N/A', 'L', '56', '97'], 2: ['Wed, Dec 2', 'Hartford', 'N/A', 'L', '61', '66'], 3: ['Fri, Dec 4', 'Stony Brook', 'N/A', 'L', '69', '72'], 4: ['Mon, Dec 7', 'Hartford', 'N/A', 'L', '54', '67'], 5: ['Fri, Dec 11', 'Iona', 'N/A', 'L', '42', '70'], 6: ['Sat, Dec 12', 'Iona', 'N/A', 'W', '67', '52'], 7: ['Fri, Dec 18', 'Niagara', 'N/A', 'L', '51', '68'], 8: ['Sat, Dec 19', 'Niagara', 'N/A', 'L', '61', '81'], 9: ['Tue, Dec 22', 'Fairleigh Dickinson', 'N/A', 'L', '65', '69'], 10: ['Fri, Jan 1', 'Rider', 'N/A', 'L', '62', '70'], 11: ['Sat, Jan 2', 'Rider', 'N/A', 'W', '72', '56'], 12: ['Sat, Jan 9', 'Siena', 'N/A', 'L', '58', '74'], 13: ['Sun, Jan 10', 'Siena', 'N/A', 'L', '68', '75'], 14: ['Fri, Jan 15', 'Marist', 'N/A', 'L', '63', '73'], 15: ['Sat, Jan 16', 'Marist', 'N/A', 'W', '55', '52'], 16: ['Sun, Feb 7', 'Quinnipiac', 'N/A', 'L', '63', '78'], 17: ['Mon, Feb 8', 'Quinnipiac', 'N/A', 'W', '77', '70'], 18: ['Sat, Feb 13', ""Saint Peter's"", 'N/A', 'W', '55', '50'], 19: ['Sun, Feb 14', ""Saint Peter's"", 'N/A', 'L', '49', '66'], 20: ['Fri, Feb 19', 'Canisius', 'N/A', 'L', '69', '80'], 21: ['Sat, Feb 20', 'Canisius', 'N/A', 'W', '66', '53'], 22: ['Thu, Mar 4', 'Manhattan', 'N/A', 'L', '59', '69'], 23: ['Fri, Mar 5', 'Manhattan', 'N/A', 'W', '85', '67'], 24: ['Tue, Mar 9', 'Manhattan', 'N/A', 'W', '59', '58'], 25: ['Wed, Mar 10', 'Monmouth', 'N/A', 'W', '79', '60'], 26: ['Fri, Mar 12', ""Saint Peter's"", 'N/A', 'W', '52', '47'], 27: ['Sat, Mar 13', 'Iona', 'N/A', 'L', '51', '60']}",0.5080655637816762
Iona,165,314,Gaels,12,6,0.6666666666666666,"{1: ['Sat, Mar 20', 'Alabama', '2', 'L', '55', '68'], 2: ['Mon, Nov 30', 'Seton Hall', 'N/A', 'L', '64', '86'], 3: ['Sat, Dec 5', 'Hofstra', 'N/A', 'W', '82', '74'], 4: ['Tue, Dec 8', 'Morgan St', 'N/A', 'L', '72', '83'], 5: ['Fri, Dec 11', 'Fairfield', 'N/A', 'W', '70', '42'], 6: ['Sat, Dec 12', 'Fairfield', 'N/A', 'L', '52', '67'], 7: ['Fri, Dec 18', 'Rider', 'N/A', 'W', '70', '56'], 8: ['Sat, Dec 19', 'Rider', 'N/A', 'W', '72', '64'], 9: ['Wed, Dec 23', 'Coppin State', 'N/A', 'W', '85', '65'], 10: ['Fri, Feb 12', 'Manhattan', 'N/A', 'W', '85', '67'], 11: ['Sat, Feb 13', 'Manhattan', 'N/A', 'L', '70', '77'], 12: ['Wed, Feb 17', 'Quinnipiac', 'N/A', 'L', '70', '74'], 13: ['Fri, Feb 19', 'Monmouth', 'N/A', 'W', '91', '86'], 14: ['Sat, Feb 20', 'Monmouth', 'N/A', 'W', '88', '65'], 15: ['Tue, Mar 9', 'Quinnipiac', 'N/A', 'W', '72', '48'], 16: ['Wed, Mar 10', 'Siena', 'N/A', 'W', '55', '52'], 17: ['Fri, Mar 12', 'Niagara', 'N/A', 'W', '70', '64'], 18: ['Sat, Mar 13', 'Fairfield', 'N/A', 'W', '60', '51']}",0.527697582269418
Manhattan,166,2363,Jaspers,7,13,0.35,"{1: ['Fri, Dec 11', 'Rider', 'N/A', 'L', '64', '82'], 2: ['Sat, Dec 12', 'Rider', 'N/A', 'W', '87', '77'], 3: ['Sat, Dec 19', 'Marist', 'N/A', 'L', '39', '61'], 4: ['Sun, Dec 20', 'Marist', 'N/A', 'L', '67', '72'], 5: ['Wed, Dec 30', 'Delaware State', 'N/A', 'W', '65', '59'], 6: ['Fri, Jan 8', 'Quinnipiac', 'N/A', 'L', '79', '84'], 7: ['Sat, Jan 9', 'Quinnipiac', 'N/A', 'W', '45', '42'], 8: ['Fri, Jan 15', 'Niagara', 'N/A', 'W', '58', '49'], 9: ['Sat, Jan 16', 'Niagara', 'N/A', 'W', '58', '55'], 10: ['Fri, Jan 29', ""Saint Peter's"", 'N/A', 'L', '55', '59'], 11: ['Sat, Jan 30', ""Saint Peter's"", 'N/A', 'L', '54', '68'], 12: ['Fri, Feb 5', 'Monmouth', 'N/A', 'L', '65', '70'], 13: ['Sat, Feb 6', 'Monmouth', 'N/A', 'L', '69', '71'], 14: ['Fri, Feb 12', 'Iona', 'N/A', 'L', '67', '85'], 15: ['Sat, Feb 13', 'Iona', 'N/A', 'W', '77', '70'], 16: ['Fri, Feb 26', 'Siena', 'N/A', 'L', '69', '74'], 17: ['Sat, Feb 27', 'Siena', 'N/A', 'L', '56', '64'], 18: ['Thu, Mar 4', 'Fairfield', 'N/A', 'W', '69', '59'], 19: ['Fri, Mar 5', 'Fairfield', 'N/A', 'L', '67', '85'], 20: ['Tue, Mar 9', 'Fairfield', 'N/A', 'L', '58', '59']}",0.4858440989321323
Marist,167,2368,Red Foxes,12,9,0.5714285714285714,"{1: ['Sat, Dec 5', 'Binghamton', 'N/A', 'W', '68', '65'], 2: ['Sun, Dec 6', 'Binghamton', 'N/A', 'W', '64', '60'], 3: ['Fri, Dec 11', 'Canisius', 'N/A', 'L', '72', '81'], 4: ['Sat, Dec 12', 'Canisius', 'N/A', 'W', '56', '52'], 5: ['Sat, Dec 19', 'Manhattan', 'N/A', 'W', '61', '39'], 6: ['Sun, Dec 20', 'Manhattan', 'N/A', 'W', '72', '67'], 7: ['Fri, Jan 1', 'Niagara', 'N/A', 'W', '63', '61'], 8: ['Sat, Jan 2', 'Niagara', 'N/A', 'L', '72', '86'], 9: ['Sat, Jan 9', 'Monmouth', 'N/A', 'L', '64', '80'], 10: ['Sun, Jan 10', 'Monmouth', 'N/A', 'L', '62', '72'], 11: ['Fri, Jan 15', 'Fairfield', 'N/A', 'W', '73', '63'], 12: ['Sat, Jan 16', 'Fairfield', 'N/A', 'L', '52', '55'], 13: ['Fri, Jan 22', 'Rider', 'N/A', 'L', '64', '76'], 14: ['Sat, Jan 23', 'Rider', 'N/A', 'W', '76', '67'], 15: ['Sat, Jan 30', 'Siena', 'N/A', 'W', '55', '54'], 16: ['Sun, Jan 31', 'Siena', 'N/A', 'L', '50', '63'], 17: ['Fri, Feb 19', ""Saint Peter's"", 'N/A', 'L', '54', '59'], 18: ['Sat, Feb 20', ""Saint Peter's"", 'N/A', 'W', '51', '50'], 19: ['Sun, Feb 28', 'Quinnipiac', 'N/A', 'W', '76', '67'], 20: ['Mon, Mar 1', 'Quinnipiac', 'N/A', 'W', '65', '52'], 21: ['Thu, Mar 11', 'Niagara', 'N/A', 'L', '62', '67']}",0.44684732936224836
Monmouth,168,2405,Hawks,12,8,0.6,"{1: ['Tue, Dec 15', 'Hofstra', 'N/A', 'L', '88', '96'], 2: ['Fri, Dec 18', ""Saint Peter's"", 'N/A', 'W', '78', '76'], 3: ['Sat, Dec 19', ""Saint Peter's"", 'N/A', 'L', '76', '78'], 4: ['Sun, Dec 27', 'Canisius', 'N/A', 'W', '84', '66'], 5: ['Mon, Dec 28', 'Canisius', 'N/A', 'W', '97', '69'], 6: ['Sun, Jan 3', 'Siena', 'N/A', 'L', '77', '78'], 7: ['Mon, Jan 4', 'Siena', 'N/A', 'L', '62', '76'], 8: ['Sat, Jan 9', 'Marist', 'N/A', 'W', '80', '64'], 9: ['Sun, Jan 10', 'Marist', 'N/A', 'W', '72', '62'], 10: ['Fri, Jan 15', 'Quinnipiac', 'N/A', 'W', '92', '80'], 11: ['Sat, Jan 16', 'Quinnipiac', 'N/A', 'W', '70', '63'], 12: ['Fri, Jan 29', 'Niagara', 'N/A', 'W', '77', '67'], 13: ['Sat, Jan 30', 'Niagara', 'N/A', 'L', '74', '83'], 14: ['Fri, Feb 5', 'Manhattan', 'N/A', 'W', '70', '65'], 15: ['Sat, Feb 6', 'Manhattan', 'N/A', 'W', '71', '69'], 16: ['Fri, Feb 19', 'Iona', 'N/A', 'L', '86', '91'], 17: ['Sat, Feb 20', 'Iona', 'N/A', 'L', '65', '88'], 18: ['Thu, Mar 4', 'Rider', 'N/A', 'W', '77', '74'], 19: ['Fri, Mar 5', 'Rider', 'N/A', 'W', '65', '62'], 20: ['Wed, Mar 10', 'Fairfield', 'N/A', 'L', '60', '79']}",0.49801934846436113
Niagara,169,315,Purple Eagles,9,11,0.45,"{1: ['Thu, Dec 3', 'Syracuse', 'N/A', 'L', '45', '75'], 2: ['Fri, Dec 11', ""Saint Peter's"", 'N/A', 'L', '54', '70'], 3: ['Sat, Dec 12', ""Saint Peter's"", 'N/A', 'L', '49', '53'], 4: ['Fri, Dec 18', 'Fairfield', 'N/A', 'W', '68', '51'], 5: ['Sat, Dec 19', 'Fairfield', 'N/A', 'W', '81', '61'], 6: ['Tue, Dec 22', 'Albany', 'N/A', 'W', '70', '65'], 7: ['Fri, Jan 1', 'Marist', 'N/A', 'L', '61', '63'], 8: ['Sat, Jan 2', 'Marist', 'N/A', 'W', '86', '72'], 9: ['Fri, Jan 8', 'Rider', 'N/A', 'L', '70', '76'], 10: ['Sat, Jan 9', 'Rider', 'N/A', 'W', '66', '55'], 11: ['Fri, Jan 15', 'Manhattan', 'N/A', 'L', '49', '58'], 12: ['Sat, Jan 16', 'Manhattan', 'N/A', 'L', '55', '58'], 13: ['Fri, Jan 22', 'Quinnipiac', 'N/A', 'W', '59', '56'], 14: ['Sat, Jan 23', 'Quinnipiac', 'N/A', 'L', '69', '78'], 15: ['Fri, Jan 29', 'Monmouth', 'N/A', 'L', '67', '77'], 16: ['Sat, Jan 30', 'Monmouth', 'N/A', 'W', '83', '74'], 17: ['Sat, Feb 20', 'Siena', 'N/A', 'W', '64', '62'], 18: ['Sun, Feb 21', 'Siena', 'N/A', 'L', '66', '68'], 19: ['Thu, Mar 11', 'Marist', 'N/A', 'W', '67', '62'], 20: ['Fri, Mar 12', 'Iona', 'N/A', 'L', '64', '70']}",0.4998772721429369
Quinnipiac,170,2514,Bobcats,9,13,0.4090909090909091,"{1: ['Wed, Nov 25', 'Fairleigh Dickinson', 'N/A', 'W', '84', '66'], 2: ['Wed, Dec 2', 'Drexel', 'N/A', 'L', '48', '66'], 3: ['Thu, Dec 3', 'Drexel', 'N/A', 'L', '58', '70'], 4: ['Sun, Dec 6', 'New Hampshire', 'N/A', 'W', '64', '58'], 5: ['Fri, Jan 8', 'Manhattan', 'N/A', 'W', '84', '79'], 6: ['Sat, Jan 9', 'Manhattan', 'N/A', 'L', '42', '45'], 7: ['Fri, Jan 15', 'Monmouth', 'N/A', 'L', '80', '92'], 8: ['Sat, Jan 16', 'Monmouth', 'N/A', 'L', '63', '70'], 9: ['Fri, Jan 22', 'Niagara', 'N/A', 'L', '56', '59'], 10: ['Sat, Jan 23', 'Niagara', 'N/A', 'W', '78', '69'], 11: ['Sun, Feb 7', 'Fairfield', 'N/A', 'W', '78', '63'], 12: ['Mon, Feb 8', 'Fairfield', 'N/A', 'L', '70', '77'], 13: ['Fri, Feb 12', 'Canisius', 'N/A', 'L', '67', '74'], 14: ['Sat, Feb 13', 'Canisius', 'N/A', 'L', '70', '89'], 15: ['Wed, Feb 17', 'Iona', 'N/A', 'W', '74', '70'], 16: ['Sat, Feb 20', 'Rider', 'N/A', 'W', '80', '64'], 17: ['Sun, Feb 21', 'Rider', 'N/A', 'W', '93', '68'], 18: ['Sun, Feb 28', 'Marist', 'N/A', 'L', '67', '76'], 19: ['Mon, Mar 1', 'Marist', 'N/A', 'L', '52', '65'], 20: ['Thu, Mar 4', ""Saint Peter's"", 'N/A', 'W', '65', '60'], 21: ['Fri, Mar 5', ""Saint Peter's"", 'N/A', 'L', '64', '66'], 22: ['Tue, Mar 9', 'Iona', 'N/A', 'L', '48', '72']}",0.4925867824437619
Rider,171,2520,Broncs,6,17,0.2608695652173913,"{1: ['Sat, Dec 5', 'Syracuse', 'N/A', 'L', '52', '87'], 2: ['Tue, Dec 8', ""St. John's"", 'N/A', 'L', '79', '82'], 3: ['Fri, Dec 11', 'Manhattan', 'N/A', 'W', '82', '64'], 4: ['Sat, Dec 12', 'Manhattan', 'N/A', 'L', '77', '87'], 5: ['Fri, Dec 18', 'Iona', 'N/A', 'L', '56', '70'], 6: ['Sat, Dec 19', 'Iona', 'N/A', 'L', '64', '72'], 7: ['Wed, Dec 23', 'NJIT', 'N/A', 'L', '66', '81'], 8: ['Fri, Jan 1', 'Fairfield', 'N/A', 'W', '70', '62'], 9: ['Sat, Jan 2', 'Fairfield', 'N/A', 'L', '56', '72'], 10: ['Fri, Jan 8', 'Niagara', 'N/A', 'W', '76', '70'], 11: ['Sat, Jan 9', 'Niagara', 'N/A', 'L', '55', '66'], 12: ['Fri, Jan 15', 'Siena', 'N/A', 'L', '69', '78'], 13: ['Sat, Jan 16', 'Siena', 'N/A', 'L', '72', '74'], 14: ['Fri, Jan 22', 'Marist', 'N/A', 'W', '76', '64'], 15: ['Sat, Jan 23', 'Marist', 'N/A', 'L', '67', '76'], 16: ['Sat, Feb 20', 'Quinnipiac', 'N/A', 'L', '64', '80'], 17: ['Sun, Feb 21', 'Quinnipiac', 'N/A', 'L', '68', '93'], 18: ['Fri, Feb 26', ""Saint Peter's"", 'N/A', 'L', '52', '66'], 19: ['Sat, Feb 27', ""Saint Peter's"", 'N/A', 'W', '78', '65'], 20: ['Thu, Mar 4', 'Monmouth', 'N/A', 'L', '74', '77'], 21: ['Fri, Mar 5', 'Monmouth', 'N/A', 'L', '62', '65'], 22: ['Mon, Mar 8', 'Canisius', 'N/A', 'W', '78', '76'], 23: ['Thu, Mar 11', ""Saint Peter's"", 'N/A', 'L', '60', '75']}",0.525783460493381
Saint Peter's,172,2612,Peacocks,14,11,0.56,"{1: ['Wed, Nov 25', ""St. John's"", 'N/A', 'L', '75', '76'], 2: ['Fri, Nov 27', 'La Salle', 'N/A', 'W', '62', '51'], 3: ['Tue, Dec 1', 'Stony Brook', 'N/A', 'W', '82', '68'], 4: ['Fri, Dec 4', 'Maryland', 'N/A', 'L', '57', '90'], 5: ['Fri, Dec 11', 'Niagara', 'N/A', 'W', '70', '54'], 6: ['Sat, Dec 12', 'Niagara', 'N/A', 'W', '53', '49'], 7: ['Fri, Dec 18', 'Monmouth', 'N/A', 'L', '76', '78'], 8: ['Sat, Dec 19', 'Monmouth', 'N/A', 'W', '78', '76'], 9: ['Wed, Dec 23', 'St. Francis (BKN)', 'N/A', 'W', '70', '64'], 10: ['Fri, Jan 1', 'Canisius', 'N/A', 'L', '58', '70'], 11: ['Sat, Jan 2', 'Canisius', 'N/A', 'L', '60', '63'], 12: ['Fri, Jan 22', 'Siena', 'N/A', 'W', '68', '62'], 13: ['Sat, Jan 23', 'Siena', 'N/A', 'L', '40', '47'], 14: ['Fri, Jan 29', 'Manhattan', 'N/A', 'W', '59', '55'], 15: ['Sat, Jan 30', 'Manhattan', 'N/A', 'W', '68', '54'], 16: ['Sat, Feb 13', 'Fairfield', 'N/A', 'L', '50', '55'], 17: ['Sun, Feb 14', 'Fairfield', 'N/A', 'W', '66', '49'], 18: ['Fri, Feb 19', 'Marist', 'N/A', 'W', '59', '54'], 19: ['Sat, Feb 20', 'Marist', 'N/A', 'L', '50', '51'], 20: ['Fri, Feb 26', 'Rider', 'N/A', 'W', '66', '52'], 21: ['Sat, Feb 27', 'Rider', 'N/A', 'L', '65', '78'], 22: ['Thu, Mar 4', 'Quinnipiac', 'N/A', 'L', '60', '65'], 23: ['Fri, Mar 5', 'Quinnipiac', 'N/A', 'W', '66', '64'], 24: ['Thu, Mar 11', 'Rider', 'N/A', 'W', '75', '60'], 25: ['Fri, Mar 12', 'Fairfield', 'N/A', 'L', '47', '52']}",0.4611077747287734
Siena,173,2561,Saints,12,5,0.7058823529411765,"{1: ['Sun, Jan 3', 'Monmouth', 'N/A', 'W', '78', '77'], 2: ['Mon, Jan 4', 'Monmouth', 'N/A', 'W', '76', '62'], 3: ['Sat, Jan 9', 'Fairfield', 'N/A', 'W', '74', '58'], 4: ['Sun, Jan 10', 'Fairfield', 'N/A', 'W', '75', '68'], 5: ['Fri, Jan 15', 'Rider', 'N/A', 'W', '78', '69'], 6: ['Sat, Jan 16', 'Rider', 'N/A', 'W', '74', '72'], 7: ['Fri, Jan 22', ""Saint Peter's"", 'N/A', 'L', '62', '68'], 8: ['Sat, Jan 23', ""Saint Peter's"", 'N/A', 'W', '47', '40'], 9: ['Sat, Jan 30', 'Marist', 'N/A', 'L', '54', '55'], 10: ['Sun, Jan 31', 'Marist', 'N/A', 'W', '63', '50'], 11: ['Sat, Feb 20', 'Niagara', 'N/A', 'L', '62', '64'], 12: ['Sun, Feb 21', 'Niagara', 'N/A', 'W', '68', '66'], 13: ['Fri, Feb 26', 'Manhattan', 'N/A', 'W', '74', '69'], 14: ['Sat, Feb 27', 'Manhattan', 'N/A', 'W', '64', '56'], 15: ['Thu, Mar 4', 'Canisius', 'N/A', 'W', '73', '66'], 16: ['Fri, Mar 5', 'Canisius', 'N/A', 'L', '75', '76'], 17: ['Wed, Mar 10', 'Iona', 'N/A', 'L', '52', '55']}",0.474642750448377
Akron,174,2006,Zips,15,8,0.6521739130434783,"{1: ['Sat, Dec 12', '', 'N/A', 'W', '97', '49'], 2: ['Tue, Dec 15', 'St. Bonaventure', 'N/A', 'L', '74', '81'], 3: ['Sat, Dec 19', 'University', 'N/A', 'W', '93', '83'], 4: ['Tue, Dec 22', 'Ohio', 'N/A', 'W', '90', '70'], 5: ['Fri, Jan 1', 'Kent State', 'N/A', 'W', '66', '62'], 6: ['Sat, Jan 9', 'Eastern Michigan', 'N/A', 'L', '59', '71'], 7: ['Tue, Jan 12', 'Northern Illinois', 'N/A', 'L', '65', '67'], 8: ['Sat, Jan 16', 'Toledo', 'N/A', 'W', '95', '94'], 9: ['Tue, Jan 19', 'Bowling Green', 'N/A', 'W', '69', '57'], 10: ['Thu, Jan 21', 'Central Michigan', 'N/A', 'W', '81', '67'], 11: ['Sat, Jan 23', 'Western Michigan', 'N/A', 'W', '79', '68'], 12: ['Tue, Jan 26', 'Eastern Michigan', 'N/A', 'W', '86', '65'], 13: ['Sat, Jan 30', 'Ball State', 'N/A', 'W', '74', '42'], 14: ['Tue, Feb 2', 'Toledo', 'N/A', 'L', '76', '91'], 15: ['Fri, Feb 5', 'Kent State', 'N/A', 'W', '72', '61'], 16: ['Fri, Feb 12', 'Miami (OH)', 'N/A', 'W', '83', '76'], 17: ['Tue, Feb 16', 'Northern Illinois', 'N/A', 'W', '81', '76'], 18: ['Fri, Feb 19', 'Ball State', 'N/A', 'W', '88', '79'], 19: ['Tue, Feb 23', 'Ohio', 'N/A', 'L', '73', '90'], 20: ['Fri, Feb 26', 'Bowling Green', 'N/A', 'L', '71', '83'], 21: ['Tue, Mar 2', 'Buffalo', 'N/A', 'L', '78', '80'], 22: ['Thu, Mar 11', 'Bowling Green', 'N/A', 'W', '74', '67'], 23: ['Fri, Mar 12', 'Buffalo', 'N/A', 'L', '74', '81']}",0.5123391812865498
Ball State,175,2050,Cardinals,10,13,0.43478260869565216,"{1: ['Wed, Nov 25', 'Northern Kentucky', 'N/A', 'L', '73', '74'], 2: ['Wed, Dec 2', 'Michigan', 'N/A', 'L', '65', '84'], 3: ['Sat, Dec 5', 'UIC', 'N/A', 'W', '68', '66'], 4: ['Tue, Dec 8', 'Northern Illinois', 'N/A', 'W', '79', '70'], 5: ['Sat, Dec 12', 'Illinois State', 'N/A', 'W', '82', '66'], 6: ['Sat, Dec 19', 'Indiana State', 'N/A', 'L', '57', '67'], 7: ['Tue, Dec 22', 'Western Michigan', 'N/A', 'W', '76', '68'], 8: ['Sat, Jan 2', 'Ohio', 'N/A', 'L', '68', '78'], 9: ['Sat, Jan 9', 'Buffalo', 'N/A', 'L', '69', '86'], 10: ['Tue, Jan 12', 'Bowling Green', 'N/A', 'W', '88', '64'], 11: ['Sat, Jan 16', 'Northern Illinois', 'N/A', 'W', '78', '58'], 12: ['Tue, Jan 19', 'Miami (OH)', 'N/A', 'L', '71', '81'], 13: ['Sat, Jan 23', 'Ohio', 'N/A', 'L', '77', '85'], 14: ['Sat, Jan 30', 'Akron', 'N/A', 'L', '42', '74'], 15: ['Tue, Feb 2', 'Buffalo', 'N/A', 'L', '58', '78'], 16: ['Sat, Feb 6', 'Toledo', 'N/A', 'W', '81', '67'], 17: ['Tue, Feb 16', 'Bowling Green', 'N/A', 'L', '62', '75'], 18: ['Fri, Feb 19', 'Akron', 'N/A', 'L', '79', '88'], 19: ['Wed, Feb 24', 'Kent State', 'N/A', 'W', '90', '71'], 20: ['Sat, Feb 27', 'Central Michigan', 'N/A', 'W', '97', '91'], 21: ['Tue, Mar 2', 'Eastern Michigan', 'N/A', 'W', '100', '65'], 22: ['Fri, Mar 5', 'Toledo', 'N/A', 'L', '70', '89'], 23: ['Thu, Mar 11', 'Toledo', 'N/A', 'L', '89', '91']}",0.5337210572401101
Bowling Green,176,189,Falcons,14,11,0.56,"{1: ['Wed, Nov 25', 'Michigan', '25', 'L', '82', '96'], 2: ['Sat, Nov 28', 'South Carolina State', 'N/A', 'W', '101', '78'], 3: ['Mon, Nov 30', 'Appalachian State', 'N/A', 'W', '78', '76'], 4: ['Thu, Dec 3', 'Northwest', 'N/A', 'W', '88', '67'], 5: ['Sun, Dec 6', 'Buffalo', 'N/A', 'W', '86', '78'], 6: ['Sun, Dec 13', 'Wright State', 'N/A', 'L', '67', '85'], 7: ['Fri, Dec 18', 'Robert Morris', 'N/A', 'W', '85', '65'], 8: ['Wed, Dec 30', 'Ohio', 'N/A', 'W', '83', '75'], 9: ['Sat, Jan 2', 'Northern Illinois', 'N/A', 'W', '68', '42'], 10: ['Tue, Jan 5', 'Central Michigan', 'N/A', 'W', '90', '69'], 11: ['Sat, Jan 9', 'Central Michigan', 'N/A', 'W', '93', '65'], 12: ['Tue, Jan 12', 'Ball State', 'N/A', 'L', '64', '88'], 13: ['Fri, Jan 15', 'Buffalo', 'N/A', 'W', '76', '69'], 14: ['Tue, Jan 19', 'Akron', 'N/A', 'L', '57', '69'], 15: ['Thu, Jan 21', 'Miami (OH)', 'N/A', 'L', '77', '96'], 16: ['Wed, Jan 27', 'Kent State', 'N/A', 'L', '91', '96'], 17: ['Sat, Jan 30', 'Toledo', 'N/A', 'L', '66', '84'], 18: ['Wed, Feb 3', 'Western Michigan', 'N/A', 'L', '70', '76'], 19: ['Tue, Feb 9', 'Kent State', 'N/A', 'L', '67', '71'], 20: ['Sat, Feb 13', 'Toledo', 'N/A', 'W', '88', '81'], 21: ['Tue, Feb 16', 'Ball State', 'N/A', 'W', '75', '62'], 22: ['Tue, Feb 23', 'Eastern Michigan', 'N/A', 'W', '82', '69'], 23: ['Fri, Feb 26', 'Akron', 'N/A', 'W', '83', '71'], 24: ['Tue, Mar 2', 'Miami (OH)', 'N/A', 'L', '79', '84'], 25: ['Thu, Mar 11', 'Akron', 'N/A', 'L', '67', '74']}",0.516106421048039
Buffalo,177,2084,Bulls,16,9,0.64,"{1: ['Fri, Mar 19', 'Colorado State', '1', 'L', '73', '75'], 2: ['Fri, Nov 27', 'Towson', 'N/A', 'W', '74', '65'], 3: ['Sat, Nov 28', 'Army', 'N/A', 'L', '74', '78'], 4: ['Sun, Dec 6', 'Bowling Green', 'N/A', 'L', '78', '86'], 5: ['Thu, Dec 10', '', 'N/A', 'W', '81', '64'], 6: ['Tue, Dec 15', 'Miami (OH)', 'N/A', 'W', '90', '62'], 7: ['Sat, Dec 19', 'Syracuse', 'N/A', 'L', '96', '107'], 8: ['Sat, Jan 9', 'Ball State', 'N/A', 'W', '86', '69'], 9: ['Tue, Jan 12', 'Western Michigan', 'N/A', 'W', '85', '69'], 10: ['Fri, Jan 15', 'Bowling Green', 'N/A', 'L', '69', '76'], 11: ['Tue, Jan 19', 'Kent State', 'N/A', 'L', '81', '84'], 12: ['Thu, Jan 21', 'Eastern Michigan', 'N/A', 'W', '92', '77'], 13: ['Fri, Jan 29', 'Ohio', 'N/A', 'L', '75', '76'], 14: ['Tue, Feb 2', 'Ball State', 'N/A', 'W', '78', '58'], 15: ['Sat, Feb 6', 'Miami (OH)', 'N/A', 'W', '88', '64'], 16: ['Fri, Feb 12', 'Western Michigan', 'N/A', 'W', '86', '54'], 17: ['Fri, Feb 19', 'Toledo', 'N/A', 'L', '70', '80'], 18: ['Tue, Feb 23', 'Northern Illinois', 'N/A', 'W', '102', '74'], 19: ['Thu, Feb 25', 'Central Michigan', 'N/A', 'W', '85', '73'], 20: ['Sat, Feb 27', 'Ohio', 'N/A', 'W', '86', '66'], 21: ['Tue, Mar 2', 'Akron', 'N/A', 'W', '80', '78'], 22: ['Fri, Mar 5', 'Kent State', 'N/A', 'W', '81', '67'], 23: ['Thu, Mar 11', 'Miami (OH)', 'N/A', 'W', '74', '63'], 24: ['Fri, Mar 12', 'Akron', 'N/A', 'W', '81', '74'], 25: ['Sat, Mar 13', 'Ohio', 'N/A', 'L', '69', '84']}",0.5658567539016625
Central Michigan,178,2117,Chippewas,7,16,0.3043478260869565,"{1: ['Sat, Nov 28', 'UIC', 'N/A', 'L', '72', '74'], 2: ['Tue, Dec 1', 'Florida International', 'N/A', 'L', '76', '96'], 3: ['Wed, Dec 2', '', 'N/A', 'L', '73', '92'], 4: ['Sun, Dec 6', 'Western Illinois', 'N/A', 'W', '79', '73'], 5: ['Sat, Dec 12', 'Valparaiso', 'N/A', 'W', '84', '79'], 6: ['Mon, Dec 14', 'Francis (ILL)', 'N/A', 'W', '91', '39'], 7: ['Fri, Dec 18', 'Western Michigan', 'N/A', 'L', '61', '76'], 8: ['Sun, Dec 20', 'College', 'N/A', 'W', '127', '66'], 9: ['Tue, Dec 29', 'Eastern Michigan', 'N/A', 'W', '87', '60'], 10: ['Tue, Jan 5', 'Bowling Green', 'N/A', 'L', '69', '90'], 11: ['Sat, Jan 9', 'Bowling Green', 'N/A', 'L', '65', '93'], 12: ['Tue, Jan 12', 'Kent State', 'N/A', 'L', '85', '94'], 13: ['Sat, Jan 16', 'Eastern Michigan', 'N/A', 'W', '75', '64'], 14: ['Tue, Jan 19', 'Toledo', 'N/A', 'L', '72', '89'], 15: ['Thu, Jan 21', 'Akron', 'N/A', 'L', '67', '81'], 16: ['Sat, Jan 30', 'Kent State', 'N/A', 'L', '76', '83'], 17: ['Tue, Feb 2', 'Ohio', 'N/A', 'L', '69', '83'], 18: ['Sat, Feb 6', 'Western Michigan', 'N/A', 'L', '65', '67'], 19: ['Tue, Feb 23', 'Miami (OH)', 'N/A', 'L', '54', '96'], 20: ['Thu, Feb 25', 'Buffalo', 'N/A', 'L', '73', '85'], 21: ['Sat, Feb 27', 'Ball State', 'N/A', 'L', '91', '97'], 22: ['Tue, Mar 2', 'Toledo', 'N/A', 'W', '81', '79'], 23: ['Fri, Mar 5', 'Northern Illinois', 'N/A', 'L', '74', '79']}",0.47563490609314407
Eastern Michigan,179,2199,Eagles,6,12,0.3333333333333333,"{1: ['Wed, Nov 25', 'Michigan State', '13', 'L', '67', '83'], 2: ['Fri, Dec 4', 'Toledo', 'N/A', 'L', '74', '91'], 3: ['Wed, Dec 9', 'College', 'N/A', 'W', '95', '35'], 4: ['Sun, Dec 27', 'College', 'N/A', 'W', '94', '65'], 5: ['Tue, Dec 29', 'Central Michigan', 'N/A', 'L', '60', '87'], 6: ['Sat, Jan 9', 'Akron', 'N/A', 'W', '71', '59'], 7: ['Tue, Jan 12', 'Toledo', 'N/A', 'L', '63', '96'], 8: ['Thu, Jan 14', '', 'N/A', 'W', '67', '56'], 9: ['Sat, Jan 16', 'Central Michigan', 'N/A', 'L', '64', '75'], 10: ['Thu, Jan 21', 'Buffalo', 'N/A', 'L', '77', '92'], 11: ['Sat, Jan 23', 'Miami (OH)', 'N/A', 'L', '63', '85'], 12: ['Tue, Jan 26', 'Akron', 'N/A', 'L', '65', '86'], 13: ['Sat, Feb 20', 'Kent State', 'N/A', 'L', '51', '64'], 14: ['Tue, Feb 23', 'Bowling Green', 'N/A', 'L', '69', '82'], 15: ['Thu, Feb 25', 'Ohio', 'N/A', 'L', '67', '86'], 16: ['Sat, Feb 27', 'Northern Illinois', 'N/A', 'W', '91', '57'], 17: ['Tue, Mar 2', 'Ball State', 'N/A', 'L', '65', '100'], 18: ['Fri, Mar 5', 'Western Michigan', 'N/A', 'W', '64', '63']}",0.5555851149613162
Kent State,180,2309,Golden Flashes,15,8,0.6521739130434783,"{1: ['Wed, Dec 2', 'Park', 'N/A', 'W', '90', '41'], 2: ['Fri, Dec 4', 'Virginia', '15', 'L', '64', '71'], 3: ['Tue, Dec 8', 'Detroit Mercy', 'N/A', 'W', '80', '66'], 4: ['Sun, Dec 13', 'Northern Kentucky', 'N/A', 'W', '92', '73'], 5: ['Fri, Jan 1', 'Akron', 'N/A', 'L', '62', '66'], 6: ['Tue, Jan 5', 'Toledo', 'N/A', 'L', '82', '84'], 7: ['Sat, Jan 9', 'Western Michigan', 'N/A', 'W', '80', '54'], 8: ['Tue, Jan 12', 'Central Michigan', 'N/A', 'W', '94', '85'], 9: ['Sat, Jan 16', 'Ohio', 'N/A', 'W', '89', '79'], 10: ['Tue, Jan 19', 'Buffalo', 'N/A', 'W', '84', '81'], 11: ['Sat, Jan 23', 'Toledo', 'N/A', 'L', '74', '76'], 12: ['Wed, Jan 27', 'Bowling Green', 'N/A', 'W', '96', '91'], 13: ['Sat, Jan 30', 'Central Michigan', 'N/A', 'W', '83', '76'], 14: ['Tue, Feb 2', 'Miami (OH)', 'N/A', 'W', '77', '68'], 15: ['Fri, Feb 5', 'Akron', 'N/A', 'L', '61', '72'], 16: ['Tue, Feb 9', 'Bowling Green', 'N/A', 'W', '71', '67'], 17: ['Sat, Feb 13', 'Northern Illinois', 'N/A', 'W', '80', '58'], 18: ['Tue, Feb 16', 'Western Michigan', 'N/A', 'W', '76', '69'], 19: ['Sat, Feb 20', 'Eastern Michigan', 'N/A', 'W', '64', '51'], 20: ['Wed, Feb 24', 'Ball State', 'N/A', 'L', '71', '90'], 21: ['Sat, Feb 27', 'Miami (OH)', 'N/A', 'W', '64', '51'], 22: ['Fri, Mar 5', 'Buffalo', 'N/A', 'L', '67', '81'], 23: ['Thu, Mar 11', 'Ohio', 'N/A', 'L', '63', '85']}",0.5389614453918594
Miami (OH),181,193,Redhawks,12,11,0.5217391304347826,"{1: ['Wed, Nov 25', 'North Dakota', 'N/A', 'W', '81', '67'], 2: ['Sat, Dec 5', 'Wright State', 'N/A', 'L', '47', '71'], 3: ['Wed, Dec 9', 'Western Illinois', 'N/A', 'W', '67', '57'], 4: ['Fri, Dec 11', 'St. Joseph', 'N/A', 'W', '79', '64'], 5: ['Tue, Dec 15', 'Buffalo', 'N/A', 'L', '62', '90'], 6: ['Sat, Dec 19', 'Bradley', 'N/A', 'L', '68', '69'], 7: ['Sat, Jan 9', 'Northern Illinois', 'N/A', 'W', '70', '58'], 8: ['Tue, Jan 12', 'Ohio', 'N/A', 'L', '61', '78'], 9: ['Tue, Jan 19', 'Ball State', 'N/A', 'W', '81', '71'], 10: ['Thu, Jan 21', 'Bowling Green', 'N/A', 'W', '96', '77'], 11: ['Sat, Jan 23', 'Eastern Michigan', 'N/A', 'W', '85', '63'], 12: ['Tue, Jan 26', 'Toledo', 'N/A', 'L', '81', '90'], 13: ['Sat, Jan 30', 'Western Michigan', 'N/A', 'W', '65', '56'], 14: ['Tue, Feb 2', 'Kent State', 'N/A', 'L', '68', '77'], 15: ['Sat, Feb 6', 'Buffalo', 'N/A', 'L', '64', '88'], 16: ['Fri, Feb 12', 'Akron', 'N/A', 'L', '76', '83'], 17: ['Tue, Feb 16', 'Toledo', 'N/A', 'L', '75', '87'], 18: ['Sat, Feb 20', 'Northern Illinois', 'N/A', 'W', '69', '64'], 19: ['Tue, Feb 23', 'Central Michigan', 'N/A', 'W', '96', '54'], 20: ['Thu, Feb 25', 'Western Michigan', 'N/A', 'W', '74', '66'], 21: ['Sat, Feb 27', 'Kent State', 'N/A', 'L', '51', '64'], 22: ['Tue, Mar 2', 'Bowling Green', 'N/A', 'W', '84', '79'], 23: ['Thu, Mar 11', 'Buffalo', 'N/A', 'L', '63', '74']}",0.4914639037891586
Northern Illinois,182,2459,Huskies,3,16,0.15789473684210525,"{1: ['Wed, Nov 25', 'UIC', 'N/A', 'L', '61', '65'], 2: ['Wed, Dec 2', 'SIU Edwardsville', 'N/A', 'L', '53', '73'], 3: ['Sat, Dec 5', 'Pittsburgh', 'N/A', 'L', '59', '89'], 4: ['Tue, Dec 8', 'Ball State', 'N/A', 'L', '70', '79'], 5: ['Sun, Dec 13', 'Iowa', '3', 'L', '53', '106'], 6: ['Fri, Dec 18', 'Chicago State', 'N/A', 'W', '64', '54'], 7: ['Tue, Dec 22', 'Toledo', 'N/A', 'L', '55', '78'], 8: ['Sat, Jan 2', 'Bowling Green', 'N/A', 'L', '42', '68'], 9: ['Tue, Jan 5', 'Ohio', 'N/A', 'L', '73', '76'], 10: ['Sat, Jan 9', 'Miami (OH)', 'N/A', 'L', '58', '70'], 11: ['Tue, Jan 12', 'Akron', 'N/A', 'W', '67', '65'], 12: ['Sat, Jan 16', 'Ball State', 'N/A', 'L', '58', '78'], 13: ['Sat, Feb 13', 'Kent State', 'N/A', 'L', '58', '80'], 14: ['Tue, Feb 16', 'Akron', 'N/A', 'L', '76', '81'], 15: ['Sat, Feb 20', 'Miami (OH)', 'N/A', 'L', '64', '69'], 16: ['Tue, Feb 23', 'Buffalo', 'N/A', 'L', '74', '102'], 17: ['Sat, Feb 27', 'Eastern Michigan', 'N/A', 'L', '57', '91'], 18: ['Tue, Mar 2', 'Western Michigan', 'N/A', 'L', '63', '73'], 19: ['Fri, Mar 5', 'Central Michigan', 'N/A', 'W', '79', '74']}",0.5425683416507215
Ohio,183,195,Bobcats,17,7,0.7083333333333334,"{1: ['Sat, Mar 20', 'Virginia', '4', 'W', '62', '58'], 2: ['Wed, Nov 25', 'Chicago State', 'N/A', 'W', '84', '61'], 3: ['Thu, Nov 26', 'North Carolina A&T', 'N/A', 'W', '84', '72'], 4: ['Fri, Nov 27', 'Illinois', '8', 'L', '75', '77'], 5: ['Sun, Dec 6', 'Cleveland State', 'N/A', 'W', '101', '46'], 6: ['Thu, Dec 10', 'Northwest', 'N/A', 'W', '92', '72'], 7: ['Sun, Dec 13', 'Marshall', 'N/A', 'L', '67', '81'], 8: ['Tue, Dec 22', 'Akron', 'N/A', 'L', '70', '90'], 9: ['Wed, Dec 30', 'Bowling Green', 'N/A', 'L', '75', '83'], 10: ['Sat, Jan 2', 'Ball State', 'N/A', 'W', '78', '68'], 11: ['Tue, Jan 5', 'Northern Illinois', 'N/A', 'W', '76', '73'], 12: ['Fri, Jan 8', 'Toledo', 'N/A', 'L', '78', '95'], 13: ['Tue, Jan 12', 'Miami (OH)', 'N/A', 'W', '78', '61'], 14: ['Sat, Jan 16', 'Kent State', 'N/A', 'L', '79', '89'], 15: ['Sat, Jan 23', 'Ball State', 'N/A', 'W', '85', '77'], 16: ['Tue, Jan 26', 'Western Michigan', 'N/A', 'W', '81', '58'], 17: ['Fri, Jan 29', 'Buffalo', 'N/A', 'W', '76', '75'], 18: ['Tue, Feb 2', 'Central Michigan', 'N/A', 'W', '83', '69'], 19: ['Tue, Feb 23', 'Akron', 'N/A', 'W', '90', '73'], 20: ['Thu, Feb 25', 'Eastern Michigan', 'N/A', 'W', '86', '67'], 21: ['Sat, Feb 27', 'Buffalo', 'N/A', 'L', '66', '86'], 22: ['Thu, Mar 11', 'Kent State', 'N/A', 'W', '85', '63'], 23: ['Fri, Mar 12', 'Toledo', 'N/A', 'W', '87', '80'], 24: ['Sat, Mar 13', 'Buffalo', 'N/A', 'W', '84', '69']}",0.6098127939380136
Toledo,184,2649,Rockets,21,9,0.7,"{1: ['Wed, Mar 17', 'Richmond', '2', 'L', '66', '76'], 2: ['Wed, Nov 25', 'Bradley', 'N/A', 'L', '59', '61'], 3: ['Thu, Nov 26', 'Oakland', 'N/A', 'W', '80', '53'], 4: ['Fri, Nov 27', 'Xavier', 'N/A', 'L', '73', '76'], 5: ['Tue, Dec 1', 'Cleveland State', 'N/A', 'W', '70', '61'], 6: ['Fri, Dec 4', 'Eastern Michigan', 'N/A', 'W', '91', '74'], 7: ['Wed, Dec 9', 'Michigan', 'N/A', 'L', '71', '91'], 8: ['Sat, Dec 12', 'UM Kansas City', 'N/A', 'W', '64', '57'], 9: ['Wed, Dec 16', 'Marshall', 'N/A', 'W', '96', '87'], 10: ['Sat, Dec 19', 'Valparaiso', 'N/A', 'W', '71', '57'], 11: ['Tue, Dec 22', 'Northern Illinois', 'N/A', 'W', '78', '55'], 12: ['Sat, Jan 2', 'Western Michigan', 'N/A', 'W', '70', '59'], 13: ['Tue, Jan 5', 'Kent State', 'N/A', 'W', '84', '82'], 14: ['Fri, Jan 8', 'Ohio', 'N/A', 'W', '95', '78'], 15: ['Tue, Jan 12', 'Eastern Michigan', 'N/A', 'W', '96', '63'], 16: ['Sat, Jan 16', 'Akron', 'N/A', 'L', '94', '95'], 17: ['Tue, Jan 19', 'Central Michigan', 'N/A', 'W', '89', '72'], 18: ['Sat, Jan 23', 'Kent State', 'N/A', 'W', '76', '74'], 19: ['Tue, Jan 26', 'Miami (OH)', 'N/A', 'W', '90', '81'], 20: ['Sat, Jan 30', 'Bowling Green', 'N/A', 'W', '84', '66'], 21: ['Tue, Feb 2', 'Akron', 'N/A', 'W', '91', '76'], 22: ['Sat, Feb 6', 'Ball State', 'N/A', 'L', '67', '81'], 23: ['Sat, Feb 13', 'Bowling Green', 'N/A', 'L', '81', '88'], 24: ['Tue, Feb 16', 'Miami (OH)', 'N/A', 'W', '87', '75'], 25: ['Fri, Feb 19', 'Buffalo', 'N/A', 'W', '80', '70'], 26: ['Sat, Feb 27', 'Western Michigan', 'N/A', 'W', '91', '44'], 27: ['Tue, Mar 2', 'Central Michigan', 'N/A', 'L', '79', '81'], 28: ['Fri, Mar 5', 'Ball State', 'N/A', 'W', '89', '70'], 29: ['Thu, Mar 11', 'Ball State', 'N/A', 'W', '91', '89'], 30: ['Fri, Mar 12', 'Ohio', 'N/A', 'L', '80', '87']}",0.5407872232550341
Western Michigan,185,2711,Broncos,5,16,0.2380952380952381,"{1: ['Wed, Nov 25', 'Butler', 'N/A', 'L', '62', '66'], 2: ['Sun, Dec 6', 'Michigan State', '8', 'L', '61', '79'], 3: ['Mon, Dec 7', 'College', 'N/A', 'W', '62', '42'], 4: ['Sat, Dec 12', 'Detroit Mercy', 'N/A', 'L', '57', '67'], 5: ['Sun, Dec 13', 'Milwaukee', 'N/A', 'L', '63', '71'], 6: ['Fri, Dec 18', 'Central Michigan', 'N/A', 'W', '76', '61'], 7: ['Tue, Dec 22', 'Ball State', 'N/A', 'L', '68', '76'], 8: ['Sat, Jan 2', 'Toledo', 'N/A', 'L', '59', '70'], 9: ['Sat, Jan 9', 'Kent State', 'N/A', 'L', '54', '80'], 10: ['Tue, Jan 12', 'Buffalo', 'N/A', 'L', '69', '85'], 11: ['Sat, Jan 23', 'Akron', 'N/A', 'L', '68', '79'], 12: ['Tue, Jan 26', 'Ohio', 'N/A', 'L', '58', '81'], 13: ['Sat, Jan 30', 'Miami (OH)', 'N/A', 'L', '56', '65'], 14: ['Wed, Feb 3', 'Bowling Green', 'N/A', 'W', '76', '70'], 15: ['Sat, Feb 6', 'Central Michigan', 'N/A', 'W', '67', '65'], 16: ['Fri, Feb 12', 'Buffalo', 'N/A', 'L', '54', '86'], 17: ['Tue, Feb 16', 'Kent State', 'N/A', 'L', '69', '76'], 18: ['Thu, Feb 25', 'Miami (OH)', 'N/A', 'L', '66', '74'], 19: ['Sat, Feb 27', 'Toledo', 'N/A', 'L', '44', '91'], 20: ['Tue, Mar 2', 'Northern Illinois', 'N/A', 'W', '73', '63'], 21: ['Fri, Mar 5', 'Eastern Michigan', 'N/A', 'L', '63', '64']}",0.5605376975046312
Coppin State,186,2154,Eagles,9,13,0.4090909090909091,"{1: ['Sat, Nov 28', 'Duke', '9', 'L', '71', '81'], 2: ['Sat, Dec 5', 'George Washington', 'N/A', 'L', '69', '85'], 3: ['Sun, Dec 6', 'Drexel', 'N/A', 'L', '54', '69'], 4: ['Tue, Dec 8', 'Georgetown', 'N/A', 'L', '48', '80'], 5: ['Thu, Dec 10', 'UNC Greensboro', 'N/A', 'W', '86', '80'], 6: ['Sun, Dec 13', 'UMBC', 'N/A', 'L', '49', '66'], 7: ['Sat, Dec 19', 'Virginia Tech', 'N/A', 'L', '57', '97'], 8: ['Wed, Dec 23', 'Iona', 'N/A', 'L', '65', '85'], 9: ['Sat, Dec 26', 'Towson', 'N/A', 'L', '73', '78'], 10: ['Mon, Jan 4', 'Delaware State', 'N/A', 'W', '86', '78'], 11: ['Tue, Jan 5', 'Delaware State', 'N/A', 'W', '81', '77'], 12: ['Sat, Jan 16', 'Morgan St', 'N/A', 'L', '72', '92'], 13: ['Sun, Jan 17', 'Morgan St', 'N/A', 'W', '89', '79'], 14: ['Sat, Jan 23', 'Norfolk State', 'N/A', 'W', '81', '71'], 15: ['Sun, Jan 24', 'Norfolk State', 'N/A', 'W', '81', '77'], 16: ['Sat, Jan 30', 'Morgan St', 'N/A', 'L', '76', '79'], 17: ['Tue, Feb 2', 'Morgan St', 'N/A', 'L', '82', '95'], 18: ['Sun, Feb 7', 'Norfolk State', 'N/A', 'L', '72', '84'], 19: ['Mon, Feb 8', 'Norfolk State', 'N/A', 'W', '74', '64'], 20: ['Sat, Feb 27', 'Delaware State', 'N/A', 'W', '81', '68'], 21: ['Sun, Feb 28', 'Delaware State', 'N/A', 'W', '94', '74'], 22: ['Fri, Mar 12', 'Morgan St', 'N/A', 'L', '61', '82']}",0.5552478461901484
Delaware State,187,2169,Hornets,3,16,0.15789473684210525,"{1: ['Wed, Nov 25', 'Wake Forest', 'N/A', 'L', '51', '111'], 2: ['Thu, Dec 17', 'Coastal Carolina', 'N/A', 'L', '73', '99'], 3: ['Sun, Dec 20', 'Georgia Tech', 'N/A', 'L', '69', '97'], 4: ['Wed, Dec 23', 'UNC Wilmington', 'N/A', 'L', '63', '87'], 5: ['Wed, Dec 30', 'Manhattan', 'N/A', 'L', '59', '65'], 6: ['Mon, Jan 4', 'Coppin State', 'N/A', 'L', '78', '86'], 7: ['Tue, Jan 5', 'Coppin State', 'N/A', 'L', '77', '81'], 8: ['Sat, Jan 16', 'Norfolk State', 'N/A', 'L', '76', '87'], 9: ['Sun, Jan 17', 'Norfolk State', 'N/A', 'L', '79', '83'], 10: ['Sun, Jan 24', 'Morgan St', 'N/A', 'L', '83', '99'], 11: ['Sat, Jan 30', 'Norfolk State', 'N/A', 'L', '66', '94'], 12: ['Wed, Feb 3', 'Bible College', 'N/A', 'W', '81', '80'], 13: ['Sat, Feb 6', 'Morgan St', 'N/A', 'L', '69', '74'], 14: ['Sun, Feb 21', ""Mary's (MD)"", 'N/A', 'W', '75', '58'], 15: ['Wed, Feb 24', 'Norfolk State', 'N/A', 'L', '55', '86'], 16: ['Sat, Feb 27', 'Coppin State', 'N/A', 'L', '68', '81'], 17: ['Sun, Feb 28', 'Coppin State', 'N/A', 'L', '74', '94'], 18: ['Fri, Mar 5', 'Morgan St', 'N/A', 'L', '67', '92'], 19: ['Sat, Mar 6', 'Morgan St', 'N/A', 'W', '82', '75']}",0.549874104131664
Florida A&M,188,50,Rattlers,8,12,0.4,"{1: ['Wed, Nov 25', 'Florida Gulf Coast', 'N/A', 'L', '56', '65'], 2: ['Sun, Nov 29', 'Georgia', 'N/A', 'L', '75', '85'], 3: ['Wed, Dec 9', 'Oregon', 'N/A', 'L', '66', '87'], 4: ['Sat, Dec 12', 'Oklahoma', 'N/A', 'L', '54', '85'], 5: ['Tue, Dec 15', 'Austin Peay', 'N/A', 'W', '76', '70'], 6: ['Fri, Dec 18', 'Georgia Tech', 'N/A', 'L', '64', '74'], 7: ['Sat, Jan 2', 'South Carolina', 'N/A', 'L', '71', '78'], 8: ['Sun, Jan 10', 'South Carolina State', 'N/A', 'W', '70', '68'], 9: ['Sat, Jan 30', 'North Carolina A&T', 'N/A', 'L', '58', '70'], 10: ['Sun, Jan 31', 'North Carolina A&T', 'N/A', 'L', '65', '67'], 11: ['Mon, Feb 8', 'North Carolina Central', 'N/A', 'W', '59', '50'], 12: ['Tue, Feb 9', 'North Carolina Central', 'N/A', 'W', '60', '47'], 13: ['Sat, Feb 20', 'North Carolina A&T', 'N/A', 'W', '71', '57'], 14: ['Sun, Feb 21', 'North Carolina A&T', 'N/A', 'L', '63', '70'], 15: ['Thu, Feb 25', 'South Carolina State', 'N/A', 'W', '75', '67'], 16: ['Sat, Feb 27', 'South Carolina State', 'N/A', 'L', '57', '63'], 17: ['Sun, Feb 28', 'South Carolina State', 'N/A', 'W', '63', '58'], 18: ['Wed, Mar 3', 'North Carolina Central', 'N/A', 'W', '65', '58'], 19: ['Thu, Mar 4', 'North Carolina Central', 'N/A', 'L', '71', '74'], 20: ['Thu, Mar 11', 'Morgan St', 'N/A', 'L', '75', '77']}",0.41226181226181213
Howard,189,47,Bison,1,4,0.2,"{1: ['Thu, Nov 26', 'Belmont', 'N/A', 'L', '78', '95'], 2: ['Fri, Nov 27', 'NC', 'N/A', 'L', '71', '85'], 3: ['Sat, Nov 28', 'George Mason', 'N/A', 'L', '70', '84'], 4: ['Sun, Dec 6', 'Bellarmine', 'N/A', 'L', '63', '84'], 5: ['Fri, Dec 18', 'Hampton', 'N/A', 'W', '81', '76']}",0.6368939393939393
Morgan St,190,2415,Bears,14,8,0.6363636363636364,"{1: ['Wed, Nov 25', ""Mount St. Mary's"", 'N/A', 'L', '55', '62'], 2: ['Tue, Dec 1', 'PA', 'N/A', 'W', '102', '94'], 3: ['Tue, Dec 8', 'Iona', 'N/A', 'W', '83', '72'], 4: ['Sat, Dec 19', 'Virginia Tech', 'N/A', 'L', '67', '73'], 5: ['Mon, Dec 21', 'Delaware', 'N/A', 'W', '65', '59'], 6: ['Sun, Jan 3', 'James Madison', 'N/A', 'W', '80', '73'], 7: ['Sat, Jan 9', 'Norfolk State', 'N/A', 'W', '78', '74'], 8: ['Sun, Jan 10', 'Norfolk State', 'N/A', 'L', '85', '89'], 9: ['Sat, Jan 16', 'Coppin State', 'N/A', 'W', '92', '72'], 10: ['Sun, Jan 17', 'Coppin State', 'N/A', 'L', '79', '89'], 11: ['Thu, Jan 21', ""Mary's (MD)"", 'N/A', 'W', '99', '41'], 12: ['Sun, Jan 24', 'Delaware State', 'N/A', 'W', '99', '83'], 13: ['Sat, Jan 30', 'Coppin State', 'N/A', 'W', '79', '76'], 14: ['Tue, Feb 2', 'Coppin State', 'N/A', 'W', '95', '82'], 15: ['Sat, Feb 6', 'Delaware State', 'N/A', 'W', '74', '69'], 16: ['Sat, Feb 13', 'Norfolk State', 'N/A', 'L', '69', '74'], 17: ['Sun, Feb 14', 'Norfolk State', 'N/A', 'L', '65', '68'], 18: ['Fri, Mar 5', 'Delaware State', 'N/A', 'W', '92', '67'], 19: ['Sat, Mar 6', 'Delaware State', 'N/A', 'L', '75', '82'], 20: ['Thu, Mar 11', 'Florida A&M', 'N/A', 'W', '77', '75'], 21: ['Fri, Mar 12', 'Coppin State', 'N/A', 'W', '82', '61'], 22: ['Sat, Mar 13', 'Norfolk State', 'N/A', 'L', '63', '71']}",0.47627312999738625
Norfolk State,191,2450,Spartans,18,8,0.6923076923076923,"{1: ['Thu, Mar 18', 'Appalachian State', '16', 'W', '54', '53'], 2: ['Sat, Mar 20', 'Gonzaga', '1', 'L', '55', '98'], 3: ['Fri, Nov 27', 'James Madison', 'N/A', 'W', '83', '73'], 4: ['Sat, Nov 28', 'Radford', 'N/A', 'W', '57', '54'], 5: ['Wed, Dec 2', 'Old Dominion', 'N/A', 'L', '66', '80'], 6: ['Mon, Dec 7', 'Hampton', 'N/A', 'W', '76', '64'], 7: ['Sun, Dec 13', 'UNC Greensboro', 'N/A', 'L', '47', '64'], 8: ['Fri, Dec 18', 'UNC Wilmington', 'N/A', 'L', '72', '80'], 9: ['Sat, Dec 26', 'George Mason', 'N/A', 'W', '68', '65'], 10: ['Sat, Jan 9', 'Morgan St', 'N/A', 'L', '74', '78'], 11: ['Sun, Jan 10', 'Morgan St', 'N/A', 'W', '89', '85'], 12: ['Wed, Jan 13', 'Wesleyan', 'N/A', 'W', '80', '58'], 13: ['Sat, Jan 16', 'Delaware State', 'N/A', 'W', '87', '76'], 14: ['Sun, Jan 17', 'Delaware State', 'N/A', 'W', '83', '79'], 15: ['Sat, Jan 23', 'Coppin State', 'N/A', 'L', '71', '81'], 16: ['Sun, Jan 24', 'Coppin State', 'N/A', 'L', '77', '81'], 17: ['Sat, Jan 30', 'Delaware State', 'N/A', 'W', '94', '66'], 18: ['Sun, Feb 7', 'Coppin State', 'N/A', 'W', '84', '72'], 19: ['Mon, Feb 8', 'Coppin State', 'N/A', 'L', '64', '74'], 20: ['Sat, Feb 13', 'Morgan St', 'N/A', 'W', '74', '69'], 21: ['Sun, Feb 14', 'Morgan St', 'N/A', 'W', '68', '65'], 22: ['Wed, Feb 24', 'Delaware State', 'N/A', 'W', '86', '55'], 23: ['Sun, Feb 28', ""Mary's (MD)"", 'N/A', 'W', '72', '51'], 24: ['Thu, Mar 11', 'North Carolina Central', 'N/A', 'W', '87', '58'], 25: ['Fri, Mar 12', 'North Carolina A&T', 'N/A', 'W', '', ''], 26: ['Sat, Mar 13', 'Morgan St', 'N/A', 'W', '71', '63']}",0.5623266862884911
North Carolina A&T,192,2448,Aggies,11,11,0.5,"{1: ['Wed, Nov 25', 'Illinois', '8', 'L', '60', '122'], 2: ['Thu, Nov 26', 'Ohio', 'N/A', 'L', '72', '84'], 3: ['Fri, Nov 27', 'Chicago State', 'N/A', 'W', '74', '44'], 4: ['Tue, Dec 1', 'Charleston Southern', 'N/A', 'W', '70', '63'], 5: ['Thu, Dec 3', 'The Citadel', 'N/A', 'L', '70', '78'], 6: ['Sun, Dec 6', 'Stanford', 'N/A', 'L', '46', '78'], 7: ['Tue, Dec 8', 'Longwood', 'N/A', 'L', '60', '77'], 8: ['Wed, Dec 9', 'VCU', 'N/A', 'L', '59', '95'], 9: ['Sat, Dec 12', 'Western Carolina', 'N/A', 'L', '98', '104'], 10: ['Fri, Dec 18', '', 'N/A', 'W', '91', '45'], 11: ['Sat, Dec 19', 'Charlotte', 'N/A', 'L', '72', '76'], 12: ['Tue, Dec 22', 'UNC Greensboro', 'N/A', 'L', '65', '86'], 13: ['Sat, Jan 2', 'South Carolina State', 'N/A', 'W', '97', '86'], 14: ['Sun, Jan 3', 'South Carolina State', 'N/A', 'W', '73', '66'], 15: ['Sat, Jan 16', 'College', 'N/A', 'W', '112', '46'], 16: ['Sat, Jan 30', 'Florida A&M', 'N/A', 'W', '70', '58'], 17: ['Sun, Jan 31', 'Florida A&M', 'N/A', 'W', '67', '65'], 18: ['Sat, Feb 20', 'Florida A&M', 'N/A', 'L', '57', '71'], 19: ['Sun, Feb 21', 'Florida A&M', 'N/A', 'W', '70', '63'], 20: ['Wed, Feb 24', 'North Carolina Central', 'N/A', 'W', '79', '63'], 21: ['Sat, Feb 27', 'North Carolina Central', 'N/A', 'W', '55', '53'], 22: ['Fri, Mar 12', 'Norfolk State', 'N/A', 'L', '', '']}",0.44636746885133993
North Carolina Central,193,2428,Eagles,5,9,0.35714285714285715,"{1: ['Wed, Nov 25', 'Iowa', '5', 'L', '67', '97'], 2: ['Thu, Nov 26', 'Southern', 'N/A', 'W', '85', '78'], 3: ['Mon, Dec 7', 'Coastal Carolina', 'N/A', 'L', '71', '78'], 4: ['Sat, Dec 12', 'North Carolina', '16', 'L', '67', '73'], 5: ['Fri, Jan 29', 'College', 'N/A', 'W', '94', '61'], 6: ['Mon, Feb 1', 'South Carolina State', 'N/A', 'W', '91', '77'], 7: ['Tue, Feb 2', 'South Carolina State', 'N/A', 'W', '64', '63'], 8: ['Mon, Feb 8', 'Florida A&M', 'N/A', 'L', '50', '59'], 9: ['Tue, Feb 9', 'Florida A&M', 'N/A', 'L', '47', '60'], 10: ['Wed, Feb 24', 'North Carolina A&T', 'N/A', 'L', '63', '79'], 11: ['Sat, Feb 27', 'North Carolina A&T', 'N/A', 'L', '53', '55'], 12: ['Wed, Mar 3', 'Florida A&M', 'N/A', 'L', '58', '65'], 13: ['Thu, Mar 4', 'Florida A&M', 'N/A', 'W', '74', '71'], 14: ['Thu, Mar 11', 'Norfolk State', 'N/A', 'L', '58', '87']}",0.5567805074935802
South Carolina State,194,2569,Bulldogs,1,17,0.05555555555555555,"{1: ['Wed, Nov 25', 'Appalachian State', 'N/A', 'L', '61', '81'], 2: ['Sat, Nov 28', 'Bowling Green', 'N/A', 'L', '78', '101'], 3: ['Wed, Dec 2', 'Clemson', 'N/A', 'L', '38', '75'], 4: ['Sat, Dec 5', 'UNC Asheville', 'N/A', 'L', '56', '77'], 5: ['Mon, Dec 7', 'Charlotte', 'N/A', 'L', '40', '78'], 6: ['Fri, Dec 11', 'Charleston', 'N/A', 'L', '63', '90'], 7: ['Sun, Dec 13', 'Jacksonville', 'N/A', 'L', '58', '60'], 8: ['Tue, Dec 15', 'Liberty', 'N/A', 'L', '52', '82'], 9: ['Fri, Dec 18', 'Presbyterian', 'N/A', 'L', '56', '62'], 10: ['Mon, Dec 21', 'Furman', 'N/A', 'L', '52', '118'], 11: ['Sat, Jan 2', 'North Carolina A&T', 'N/A', 'L', '86', '97'], 12: ['Sun, Jan 3', 'North Carolina A&T', 'N/A', 'L', '66', '73'], 13: ['Sun, Jan 10', 'Florida A&M', 'N/A', 'L', '68', '70'], 14: ['Mon, Feb 1', 'North Carolina Central', 'N/A', 'L', '77', '91'], 15: ['Tue, Feb 2', 'North Carolina Central', 'N/A', 'L', '63', '64'], 16: ['Thu, Feb 25', 'Florida A&M', 'N/A', 'L', '67', '75'], 17: ['Sat, Feb 27', 'Florida A&M', 'N/A', 'W', '63', '57'], 18: ['Sun, Feb 28', 'Florida A&M', 'N/A', 'L', '58', '63']}",0.4816923382123019
Bradley,195,71,Braves,12,16,0.42857142857142855,"{1: ['Wed, Nov 25', 'Toledo', 'N/A', 'W', '61', '59'], 2: ['Thu, Nov 26', 'Xavier', 'N/A', 'L', '50', '51'], 3: ['Fri, Nov 27', 'Oakland', 'N/A', 'W', '74', '60'], 4: ['Tue, Dec 1', 'College', 'N/A', 'W', '105', '32'], 5: ['Fri, Dec 4', 'South Dakota State', 'N/A', 'L', '84', '88'], 6: ['Mon, Dec 7', '', 'N/A', 'W', '95', '62'], 7: ['Thu, Dec 17', 'Jackson State', 'N/A', 'W', '83', '60'], 8: ['Sat, Dec 19', 'Miami (OH)', 'N/A', 'W', '69', '68'], 9: ['Tue, Dec 22', 'Missouri', '14', 'L', '53', '54'], 10: ['Sun, Jan 10', 'Northern Iowa', 'N/A', 'L', '72', '78'], 11: ['Mon, Jan 11', 'Northern Iowa', 'N/A', 'W', '75', '73'], 12: ['Sat, Jan 16', 'Evansville', 'N/A', 'W', '69', '60'], 13: ['Sun, Jan 17', 'Evansville', 'N/A', 'W', '86', '55'], 14: ['Wed, Jan 20', 'Illinois State', 'N/A', 'L', '56', '71'], 15: ['Sun, Jan 24', 'Loyola Chicago', 'N/A', 'L', '56', '69'], 16: ['Mon, Jan 25', 'Loyola Chicago', 'N/A', 'L', '58', '65'], 17: ['Thu, Jan 28', 'Valparaiso', 'N/A', 'L', '85', '91'], 18: ['Sun, Jan 31', 'Indiana State', 'N/A', 'L', '57', '60'], 19: ['Mon, Feb 1', 'Indiana State', 'N/A', 'L', '55', '67'], 20: ['Sat, Feb 6', 'Southern Illinois', 'N/A', 'W', '74', '66'], 21: ['Sun, Feb 7', 'Southern Illinois', 'N/A', 'L', '68', '69'], 22: ['Wed, Feb 10', 'Valparaiso', 'N/A', 'W', '76', '52'], 23: ['Sat, Feb 13', 'Missouri State', 'N/A', 'L', '58', '80'], 24: ['Sun, Feb 14', 'Missouri State', 'N/A', 'L', '57', '72'], 25: ['Thu, Feb 18', 'Illinois State', 'N/A', 'L', '71', '88'], 26: ['Fri, Feb 26', 'Drake', 'N/A', 'L', '71', '80'], 27: ['Sat, Feb 27', 'Drake', 'N/A', 'W', '67', '61'], 28: ['Thu, Mar 4', 'Southern Illinois', 'N/A', 'L', '63', '73']}",0.5751081022764053
Drake,196,2181,Bulldogs,26,5,0.8387096774193549,"{1: ['Thu, Mar 18', 'Wichita State', '11', 'W', '53', '52'], 2: ['Sat, Mar 20', 'USC', '6', 'L', '56', '72'], 3: ['Wed, Nov 25', 'Kansas State', 'N/A', 'W', '80', '70'], 4: ['Fri, Nov 27', 'South Dakota', 'N/A', 'W', '69', '53'], 5: ['Thu, Dec 3', 'Omaha', 'N/A', 'W', '87', '66'], 6: ['Sun, Dec 6', 'Ambrose', 'N/A', 'W', '97', '53'], 7: ['Wed, Dec 9', '', 'N/A', 'W', '90', '66'], 8: ['Sun, Dec 13', 'Air Force', 'N/A', 'W', '81', '53'], 9: ['Fri, Dec 18', 'South Dakota', 'N/A', 'W', '75', '57'], 10: ['Sun, Dec 20', 'Chicago State', 'N/A', 'W', '111', '67'], 11: ['Tue, Dec 22', 'North Dakota', 'N/A', 'W', '88', '55'], 12: ['Sun, Dec 27', 'Indiana State', 'N/A', 'W', '81', '63'], 13: ['Mon, Dec 28', 'Indiana State', 'N/A', 'W', '73', '66'], 14: ['Sun, Jan 3', 'Southern Illinois', 'N/A', 'W', '73', '55'], 15: ['Mon, Jan 4', 'Southern Illinois', 'N/A', 'W', '86', '55'], 16: ['Tue, Jan 26', 'Missouri State', 'N/A', 'W', '68', '61'], 17: ['Wed, Jan 27', 'Missouri State', 'N/A', 'W', '78', '73'], 18: ['Sun, Jan 31', 'Illinois State', 'N/A', 'W', '78', '76'], 19: ['Mon, Feb 1', 'Illinois State', 'N/A', 'W', '95', '60'], 20: ['Sat, Feb 6', 'Valparaiso', 'N/A', 'W', '80', '77'], 21: ['Sun, Feb 7', 'Valparaiso', 'N/A', 'L', '57', '74'], 22: ['Wed, Feb 10', 'Northern Iowa', 'N/A', 'W', '80', '59'], 23: ['Sat, Feb 13', 'Loyola Chicago', '22', 'L', '54', '81'], 24: ['Sun, Feb 14', 'Loyola Chicago', '22', 'W', '51', '50'], 25: ['Wed, Feb 17', 'Northern Iowa', 'N/A', 'W', '77', '69'], 26: ['Sun, Feb 21', 'Evansville', 'N/A', 'W', '85', '71'], 27: ['Mon, Feb 22', 'Evansville', 'N/A', 'W', '74', '63'], 28: ['Fri, Feb 26', 'Bradley', 'N/A', 'W', '80', '71'], 29: ['Sat, Feb 27', 'Bradley', 'N/A', 'L', '61', '67'], 30: ['Sat, Mar 6', 'Missouri State', 'N/A', 'W', '71', '69'], 31: ['Sun, Mar 7', 'Loyola Chicago', '20', 'L', '65', '75']}",0.5629635711098256
Evansville,197,339,Purple Aces,9,16,0.36,"{1: ['Wed, Nov 25', 'Louisville', 'N/A', 'L', '44', '79'], 2: ['Fri, Nov 27', 'Prairie View A&M', 'N/A', 'L', '61', '64'], 3: ['Wed, Dec 2', 'UT Martin', 'N/A', 'L', '87', '93'], 4: ['Wed, Dec 9', 'Eastern Illinois', 'N/A', 'W', '68', '65'], 5: ['Tue, Dec 15', 'Southeast Missouri State', 'N/A', 'W', '66', '63'], 6: ['Mon, Dec 21', 'Belmont', 'N/A', 'L', '63', '72'], 7: ['Sun, Dec 27', 'Southern Illinois', 'N/A', 'L', '57', '63'], 8: ['Mon, Dec 28', 'Southern Illinois', 'N/A', 'W', '84', '72'], 9: ['Sat, Jan 2', 'Northern Iowa', 'N/A', 'W', '65', '61'], 10: ['Sun, Jan 3', 'Northern Iowa', 'N/A', 'W', '70', '64'], 11: ['Sat, Jan 9', 'Illinois State', 'N/A', 'W', '57', '48'], 12: ['Sun, Jan 10', 'Illinois State', 'N/A', 'L', '68', '73'], 13: ['Sat, Jan 16', 'Bradley', 'N/A', 'L', '60', '69'], 14: ['Sun, Jan 17', 'Bradley', 'N/A', 'L', '55', '86'], 15: ['Sun, Jan 31', 'Valparaiso', 'N/A', 'W', '70', '52'], 16: ['Mon, Feb 1', 'Valparaiso', 'N/A', 'W', '58', '51'], 17: ['Sat, Feb 6', 'Loyola Chicago', 'N/A', 'L', '55', '68'], 18: ['Sun, Feb 7', 'Loyola Chicago', 'N/A', 'L', '58', '69'], 19: ['Sun, Feb 14', 'Indiana State', 'N/A', 'L', '70', '76'], 20: ['Wed, Feb 17', 'Indiana State', 'N/A', 'L', '73', '87'], 21: ['Sun, Feb 21', 'Drake', 'N/A', 'L', '71', '85'], 22: ['Mon, Feb 22', 'Drake', 'N/A', 'L', '63', '74'], 23: ['Fri, Feb 26', 'Missouri State', 'N/A', 'L', '81', '90'], 24: ['Sat, Feb 27', 'Missouri State', 'N/A', 'W', '72', '63'], 25: ['Fri, Mar 5', 'Indiana State', 'N/A', 'L', '43', '53']}",0.5533828140795882
Illinois State,198,2287,Redbirds,7,18,0.28,"{1: ['Wed, Nov 25', 'Ohio State', '23', 'L', '67', '94'], 2: ['Sat, Nov 28', 'UMass Lowell', 'N/A', 'W', '82', '72'], 3: ['Wed, Dec 2', '', 'N/A', 'W', '177', '108'], 4: ['Sat, Dec 5', 'Murray State', 'N/A', 'L', '65', '76'], 5: ['Sat, Dec 12', 'Ball State', 'N/A', 'L', '66', '82'], 6: ['Tue, Dec 15', 'Chicago State', 'N/A', 'W', '91', '62'], 7: ['Sun, Dec 27', 'Loyola Chicago', 'N/A', 'L', '60', '90'], 8: ['Mon, Dec 28', 'Loyola Chicago', 'N/A', 'L', '55', '86'], 9: ['Sat, Jan 9', 'Evansville', 'N/A', 'L', '48', '57'], 10: ['Sun, Jan 10', 'Evansville', 'N/A', 'W', '73', '68'], 11: ['Sat, Jan 16', 'Indiana State', 'N/A', 'L', '65', '73'], 12: ['Sun, Jan 17', 'Indiana State', 'N/A', 'L', '68', '74'], 13: ['Wed, Jan 20', 'Bradley', 'N/A', 'W', '71', '56'], 14: ['Sat, Jan 23', 'Valparaiso', 'N/A', 'L', '60', '69'], 15: ['Sun, Jan 24', 'Valparaiso', 'N/A', 'L', '66', '70'], 16: ['Sun, Jan 31', 'Drake', 'N/A', 'L', '76', '78'], 17: ['Mon, Feb 1', 'Drake', '25', 'L', '60', '95'], 18: ['Sat, Feb 6', 'Missouri State', 'N/A', 'L', '67', '74'], 19: ['Sun, Feb 7', 'Missouri State', 'N/A', 'L', '62', '72'], 20: ['Sat, Feb 13', 'Southern Illinois', 'N/A', 'W', '80', '55'], 21: ['Sun, Feb 14', 'Southern Illinois', 'N/A', 'L', '49', '59'], 22: ['Thu, Feb 18', 'Bradley', 'N/A', 'W', '88', '71'], 23: ['Fri, Feb 26', 'Northern Iowa', 'N/A', 'L', '56', '70'], 24: ['Sat, Feb 27', 'Northern Iowa', 'N/A', 'L', '87', '94'], 25: ['Thu, Mar 4', 'Northern Iowa', 'N/A', 'L', '60', '65']}",0.5295161534351577
Indiana State,199,282,Sycamores,15,10,0.6,"{1: ['Tue, Dec 8', 'State', 'N/A', 'W', '80', '66'], 2: ['Sat, Dec 12', 'Purdue', 'N/A', 'L', '68', '80'], 3: ['Tue, Dec 15', 'Saint Louis', 'N/A', 'L', '59', '78'], 4: ['Sat, Dec 19', 'Ball State', 'N/A', 'W', '67', '57'], 5: ['Tue, Dec 22', 'Southeast Missouri State', 'N/A', 'W', '72', '66'], 6: ['Sun, Dec 27', 'Drake', 'N/A', 'L', '63', '81'], 7: ['Mon, Dec 28', 'Drake', 'N/A', 'L', '66', '73'], 8: ['Sat, Jan 2', 'Missouri State', 'N/A', 'L', '74', '84'], 9: ['Sun, Jan 3', 'Missouri State', 'N/A', 'L', '66', '70'], 10: ['Sun, Jan 10', 'Loyola Chicago', 'N/A', 'W', '76', '71'], 11: ['Mon, Jan 11', 'Loyola Chicago', 'N/A', 'L', '48', '58'], 12: ['Sat, Jan 16', 'Illinois State', 'N/A', 'W', '73', '65'], 13: ['Sun, Jan 17', 'Illinois State', 'N/A', 'W', '74', '68'], 14: ['Mon, Jan 25', 'Southern Illinois', 'N/A', 'W', '69', '66'], 15: ['Tue, Jan 26', 'Southern Illinois', 'N/A', 'W', '71', '59'], 16: ['Sun, Jan 31', 'Bradley', 'N/A', 'W', '60', '57'], 17: ['Mon, Feb 1', 'Bradley', 'N/A', 'W', '67', '55'], 18: ['Sat, Feb 6', 'Northern Iowa', 'N/A', 'W', '61', '57'], 19: ['Sun, Feb 7', 'Northern Iowa', 'N/A', 'L', '67', '70'], 20: ['Sun, Feb 14', 'Evansville', 'N/A', 'W', '76', '70'], 21: ['Wed, Feb 17', 'Evansville', 'N/A', 'W', '87', '73'], 22: ['Fri, Feb 26', 'Valparaiso', 'N/A', 'W', '58', '43'], 23: ['Sat, Feb 27', 'Valparaiso', 'N/A', 'L', '58', '70'], 24: ['Fri, Mar 5', 'Evansville', 'N/A', 'W', '53', '43'], 25: ['Sat, Mar 6', 'Loyola Chicago', '20', 'L', '49', '65']}",0.5435127225682392
Loyola Chicago,200,2350,Ramblers,26,4,0.8666666666666667,"{1: ['Fri, Mar 19', 'Georgia Tech', '9', 'W', '71', '60'], 2: ['Sun, Mar 21', 'Illinois', '1', 'W', '71', '58'], 3: ['Sat, Dec 5', '', 'N/A', 'W', '76', '48'], 4: ['Wed, Dec 9', 'Chicago State', 'N/A', 'W', '88', '51'], 5: ['Sun, Dec 13', 'UIC', 'N/A', 'W', '77', '66'], 6: ['Tue, Dec 15', 'Wisconsin', '12', 'L', '63', '77'], 7: ['Fri, Dec 18', 'Richmond', 'N/A', 'L', '73', '75'], 8: ['Tue, Dec 22', 'Francis (ILL)', 'N/A', 'W', '92', '55'], 9: ['Sun, Dec 27', 'Illinois State', 'N/A', 'W', '90', '60'], 10: ['Mon, Dec 28', 'Illinois State', 'N/A', 'W', '86', '55'], 11: ['Sat, Jan 2', 'North Texas', 'N/A', 'W', '57', '49'], 12: ['Sun, Jan 10', 'Indiana State', 'N/A', 'L', '71', '76'], 13: ['Mon, Jan 11', 'Indiana State', 'N/A', 'W', '58', '48'], 14: ['Sat, Jan 16', 'Northern Iowa', 'N/A', 'W', '72', '57'], 15: ['Sun, Jan 17', 'Northern Iowa', 'N/A', 'W', '88', '46'], 16: ['Wed, Jan 20', 'Valparaiso', 'N/A', 'W', '75', '39'], 17: ['Sun, Jan 24', 'Bradley', 'N/A', 'W', '69', '56'], 18: ['Mon, Jan 25', 'Bradley', 'N/A', 'W', '65', '58'], 19: ['Sun, Jan 31', 'Missouri State', 'N/A', 'W', '72', '46'], 20: ['Mon, Feb 1', 'Missouri State', 'N/A', 'W', '70', '50'], 21: ['Sat, Feb 6', 'Evansville', 'N/A', 'W', '68', '55'], 22: ['Sun, Feb 7', 'Evansville', 'N/A', 'W', '69', '58'], 23: ['Sat, Feb 13', 'Drake', 'N/A', 'W', '81', '54'], 24: ['Sun, Feb 14', 'Drake', 'N/A', 'L', '50', '51'], 25: ['Wed, Feb 17', 'Valparaiso', 'N/A', 'W', '54', '52'], 26: ['Fri, Feb 26', 'Southern Illinois', 'N/A', 'W', '60', '52'], 27: ['Sat, Feb 27', 'Southern Illinois', 'N/A', 'W', '65', '58'], 28: ['Fri, Mar 5', 'Southern Illinois', 'N/A', 'W', '73', '49'], 29: ['Sat, Mar 6', 'Indiana State', 'N/A', 'W', '65', '49'], 30: ['Sun, Mar 7', 'Drake', 'N/A', 'W', '75', '65']}",0.6059452229797853
Missouri State,201,2623,Bears,17,7,0.7083333333333334,"{1: ['Wed, Dec 16', 'Jewell', 'N/A', 'W', '73', '64'], 2: ['Sat, Dec 19', 'Northwestern State', 'N/A', 'W', '94', '67'], 3: ['Mon, Dec 21', 'Little Rock', 'N/A', 'W', '85', '77'], 4: ['Sun, Dec 27', 'Northern Iowa', 'N/A', 'W', '79', '59'], 5: ['Mon, Dec 28', 'Northern Iowa', 'N/A', 'L', '75', '85'], 6: ['Sat, Jan 2', 'Indiana State', 'N/A', 'W', '84', '74'], 7: ['Sun, Jan 3', 'Indiana State', 'N/A', 'W', '70', '66'], 8: ['Sat, Jan 9', 'Valparaiso', 'N/A', 'W', '81', '68'], 9: ['Sun, Jan 10', 'Valparaiso', 'N/A', 'W', '78', '68'], 10: ['Sun, Jan 17', 'Science & Technology', 'N/A', 'W', '94', '49'], 11: ['Tue, Jan 26', 'Drake', 'N/A', 'L', '61', '68'], 12: ['Wed, Jan 27', 'Drake', 'N/A', 'L', '73', '78'], 13: ['Sun, Jan 31', 'Loyola Chicago', 'N/A', 'L', '46', '72'], 14: ['Mon, Feb 1', 'Loyola Chicago', 'N/A', 'L', '50', '70'], 15: ['Sat, Feb 6', 'Illinois State', 'N/A', 'W', '74', '67'], 16: ['Sun, Feb 7', 'Illinois State', 'N/A', 'W', '72', '62'], 17: ['Wed, Feb 10', 'Southern Illinois', 'N/A', 'W', '65', '53'], 18: ['Sat, Feb 13', 'Bradley', 'N/A', 'W', '80', '58'], 19: ['Sun, Feb 14', 'Bradley', 'N/A', 'W', '72', '57'], 20: ['Wed, Feb 17', 'Southern Illinois', 'N/A', 'W', '68', '53'], 21: ['Fri, Feb 26', 'Evansville', 'N/A', 'W', '90', '81'], 22: ['Sat, Feb 27', 'Evansville', 'N/A', 'L', '63', '72'], 23: ['Fri, Mar 5', 'Valparaiso', 'N/A', 'W', '66', '55'], 24: ['Sat, Mar 6', 'Drake', 'N/A', 'L', '69', '71']}",0.5083408175065572
Northern Iowa,202,2460,Panthers,10,15,0.4,"{1: ['Wed, Nov 25', 'Western Kentucky', 'N/A', 'L', '87', '93'], 2: ['Thu, Nov 26', ""Saint Mary's"", 'N/A', 'L', '64', '66'], 3: ['Fri, Nov 27', 'Utah State', 'N/A', 'L', '71', '82'], 4: ['Fri, Dec 4', 'Ambrose', 'N/A', 'W', '98', '53'], 5: ['Wed, Dec 9', 'Richmond', '19', 'L', '68', '78'], 6: ['Sun, Dec 27', 'Missouri State', 'N/A', 'L', '59', '79'], 7: ['Mon, Dec 28', 'Missouri State', 'N/A', 'W', '85', '75'], 8: ['Sat, Jan 2', 'Evansville', 'N/A', 'L', '61', '65'], 9: ['Sun, Jan 3', 'Evansville', 'N/A', 'L', '64', '70'], 10: ['Sun, Jan 10', 'Bradley', 'N/A', 'W', '78', '72'], 11: ['Mon, Jan 11', 'Bradley', 'N/A', 'L', '73', '75'], 12: ['Sat, Jan 16', 'Loyola Chicago', 'N/A', 'L', '57', '72'], 13: ['Sun, Jan 17', 'Loyola Chicago', 'N/A', 'L', '46', '88'], 14: ['Mon, Jan 25', '', 'N/A', 'W', '70', '60'], 15: ['Sat, Jan 30', 'Southern Illinois', 'N/A', 'W', '74', '62'], 16: ['Sun, Jan 31', 'Southern Illinois', 'N/A', 'L', '68', '71'], 17: ['Sat, Feb 6', 'Indiana State', 'N/A', 'L', '57', '61'], 18: ['Sun, Feb 7', 'Indiana State', 'N/A', 'W', '70', '67'], 19: ['Wed, Feb 10', 'Drake', 'N/A', 'L', '59', '80'], 20: ['Sat, Feb 13', 'Valparaiso', 'N/A', 'L', '57', '70'], 21: ['Sun, Feb 14', 'Valparaiso', 'N/A', 'W', '74', '60'], 22: ['Wed, Feb 17', 'Drake', 'N/A', 'L', '69', '77'], 23: ['Fri, Feb 26', 'Illinois State', 'N/A', 'W', '70', '56'], 24: ['Sat, Feb 27', 'Illinois State', 'N/A', 'W', '94', '87'], 25: ['Thu, Mar 4', 'Illinois State', 'N/A', 'W', '65', '60']}",0.5673598691936942
Southern Illinois,203,79,Salukis,12,14,0.4615384615384616,"{1: ['Wed, Dec 2', 'Southeast Missouri State', 'N/A', 'W', '87', '79'], 2: ['Sun, Dec 6', '', 'N/A', 'W', '102', '61'], 3: ['Fri, Dec 11', 'Murray State', 'N/A', 'W', '70', '66'], 4: ['Thu, Dec 17', 'North Dakota', 'N/A', 'W', '85', '64'], 5: ['Fri, Dec 18', 'North Dakota', 'N/A', 'W', '62', '50'], 6: ['Mon, Dec 21', 'Butler', 'N/A', 'W', '76', '73'], 7: ['Sun, Dec 27', 'Evansville', 'N/A', 'W', '63', '57'], 8: ['Mon, Dec 28', 'Evansville', 'N/A', 'L', '72', '84'], 9: ['Sun, Jan 3', 'Drake', 'N/A', 'L', '55', '73'], 10: ['Mon, Jan 4', 'Drake', 'N/A', 'L', '55', '86'], 11: ['Mon, Jan 25', 'Indiana State', 'N/A', 'L', '66', '69'], 12: ['Tue, Jan 26', 'Indiana State', 'N/A', 'L', '59', '71'], 13: ['Sat, Jan 30', 'Northern Iowa', 'N/A', 'L', '62', '74'], 14: ['Sun, Jan 31', 'Northern Iowa', 'N/A', 'W', '71', '68'], 15: ['Sat, Feb 6', 'Bradley', 'N/A', 'L', '66', '74'], 16: ['Sun, Feb 7', 'Bradley', 'N/A', 'W', '69', '68'], 17: ['Wed, Feb 10', 'Missouri State', 'N/A', 'L', '53', '65'], 18: ['Sat, Feb 13', 'Illinois State', 'N/A', 'L', '55', '80'], 19: ['Sun, Feb 14', 'Illinois State', 'N/A', 'W', '59', '49'], 20: ['Wed, Feb 17', 'Missouri State', 'N/A', 'L', '53', '68'], 21: ['Sun, Feb 21', 'Valparaiso', 'N/A', 'L', '65', '66'], 22: ['Mon, Feb 22', 'Valparaiso', 'N/A', 'W', '67', '64'], 23: ['Fri, Feb 26', 'Loyola Chicago', '21', 'L', '52', '60'], 24: ['Sat, Feb 27', 'Loyola Chicago', '21', 'L', '58', '65'], 25: ['Thu, Mar 4', 'Bradley', 'N/A', 'W', '73', '63'], 26: ['Fri, Mar 5', 'Loyola Chicago', '20', 'L', '49', '73']}",0.547112044848819
Valparaiso,204,2674,,10,18,0.35714285714285715,"{1: ['Fri, Nov 27', 'Vanderbilt', 'N/A', 'L', '71', '77'], 2: ['Tue, Dec 1', 'UIC', 'N/A', 'L', '50', '66'], 3: ['Fri, Dec 4', 'Purdue', 'N/A', 'L', '61', '68'], 4: ['Sun, Dec 6', 'College', 'N/A', 'W', '85', '45'], 5: ['Wed, Dec 9', 'SIU Edwardsville', 'N/A', 'W', '80', '58'], 6: ['Sat, Dec 12', 'Central Michigan', 'N/A', 'L', '79', '84'], 7: ['Thu, Dec 17', 'Northwest', 'N/A', 'W', '89', '71'], 8: ['Sat, Dec 19', 'Toledo', 'N/A', 'L', '57', '71'], 9: ['Sat, Jan 9', 'Missouri State', 'N/A', 'L', '68', '81'], 10: ['Sun, Jan 10', 'Missouri State', 'N/A', 'L', '68', '78'], 11: ['Sat, Jan 16', 'DePaul', 'N/A', 'L', '58', '77'], 12: ['Wed, Jan 20', 'Loyola Chicago', 'N/A', 'L', '39', '75'], 13: ['Sat, Jan 23', 'Illinois State', 'N/A', 'W', '69', '60'], 14: ['Sun, Jan 24', 'Illinois State', 'N/A', 'W', '70', '66'], 15: ['Thu, Jan 28', 'Bradley', 'N/A', 'W', '91', '85'], 16: ['Sun, Jan 31', 'Evansville', 'N/A', 'L', '52', '70'], 17: ['Mon, Feb 1', 'Evansville', 'N/A', 'L', '51', '58'], 18: ['Sat, Feb 6', 'Drake', '25', 'L', '77', '80'], 19: ['Sun, Feb 7', 'Drake', '25', 'W', '74', '57'], 20: ['Wed, Feb 10', 'Bradley', 'N/A', 'L', '52', '76'], 21: ['Sat, Feb 13', 'Northern Iowa', 'N/A', 'W', '70', '57'], 22: ['Sun, Feb 14', 'Northern Iowa', 'N/A', 'L', '60', '74'], 23: ['Wed, Feb 17', 'Loyola Chicago', '22', 'L', '52', '54'], 24: ['Sun, Feb 21', 'Southern Illinois', 'N/A', 'W', '66', '65'], 25: ['Mon, Feb 22', 'Southern Illinois', 'N/A', 'L', '64', '67'], 26: ['Fri, Feb 26', 'Indiana State', 'N/A', 'L', '43', '58'], 27: ['Sat, Feb 27', 'Indiana State', 'N/A', 'W', '70', '58'], 28: ['Fri, Mar 5', 'Missouri State', 'N/A', 'L', '55', '66']}",0.5340607725891355
Air Force,205,2005,Falcons,5,20,0.2,"{1: ['Sat, Nov 28', 'CSU Northridge', 'N/A', 'W', '66', '61'], 2: ['Sun, Nov 29', 'Seattle U', 'N/A', 'L', '45', '63'], 3: ['Sat, Dec 5', 'Lamar', 'N/A', 'W', '59', '44'], 4: ['Sun, Dec 13', 'Drake', 'N/A', 'L', '53', '81'], 5: ['Fri, Dec 18', 'Nevada', 'N/A', 'L', '57', '74'], 6: ['Sun, Dec 20', 'Nevada', 'N/A', 'W', '68', '66'], 7: ['Thu, Dec 31', 'Utah State', 'N/A', 'L', '48', '83'], 8: ['Sat, Jan 2', 'Utah State', 'N/A', 'L', '53', '72'], 9: ['Wed, Jan 6', 'Boise State', 'N/A', 'L', '59', '78'], 10: ['Fri, Jan 8', 'Boise State', 'N/A', 'L', '69', '80'], 11: ['Sat, Jan 16', 'Wyoming', 'N/A', 'W', '72', '69'], 12: ['Mon, Jan 18', 'Wyoming', 'N/A', 'L', '58', '77'], 13: ['Fri, Jan 22', 'San Diego State', 'N/A', 'L', '61', '98'], 14: ['Sun, Jan 24', 'San Diego State', 'N/A', 'L', '59', '91'], 15: ['Thu, Jan 28', 'San José St', 'N/A', 'L', '58', '59'], 16: ['Sat, Jan 30', 'San José St', 'N/A', 'L', '62', '75'], 17: ['Sat, Feb 6', 'UNLV', 'N/A', 'L', '58', '68'], 18: ['Mon, Feb 8', 'UNLV', 'N/A', 'L', '64', '69'], 19: ['Thu, Feb 11', 'Fresno State', 'N/A', 'L', '63', '69'], 20: ['Sat, Feb 13', 'Fresno State', 'N/A', 'L', '64', '67'], 21: ['Mon, Feb 22', 'New Mexico', 'N/A', 'L', '65', '73'], 22: ['Wed, Feb 24', 'New Mexico', 'N/A', 'W', '62', '55'], 23: ['Sat, Feb 27', 'Colorado State', 'N/A', 'L', '49', '72'], 24: ['Mon, Mar 1', 'Colorado State', 'N/A', 'L', '44', '74'], 25: ['Wed, Mar 10', 'UNLV', 'N/A', 'L', '52', '80']}",0.551280202197105
Boise State,206,68,Broncos,19,8,0.7037037037037037,"{1: ['Thu, Mar 18', 'SMU', '3', 'W', '85', '84'], 2: ['Fri, Nov 27', 'Houston', '17', 'L', '58', '68'], 3: ['Sun, Nov 29', 'Sam Houston State', 'N/A', 'W', '86', '55'], 4: ['Fri, Dec 4', 'of Idaho', 'N/A', 'W', '86', '49'], 5: ['Wed, Dec 9', 'BYU', 'N/A', 'W', '74', '70'], 6: ['Sun, Dec 13', 'Weber State', 'N/A', 'W', '70', '59'], 7: ['Mon, Dec 21', 'New Mexico', 'N/A', 'W', '77', '53'], 8: ['Wed, Dec 23', 'New Mexico', 'N/A', 'W', '89', '52'], 9: ['Thu, Dec 31', 'San José St', 'N/A', 'W', '106', '54'], 10: ['Sat, Jan 2', 'San José St', 'N/A', 'W', '87', '86'], 11: ['Wed, Jan 6', 'Air Force', 'N/A', 'W', '78', '59'], 12: ['Fri, Jan 8', 'Air Force', 'N/A', 'W', '80', '69'], 13: ['Mon, Jan 11', 'Wyoming', 'N/A', 'W', '83', '60'], 14: ['Wed, Jan 13', 'Wyoming', 'N/A', 'W', '90', '70'], 15: ['Wed, Jan 20', 'Fresno State', 'N/A', 'W', '73', '51'], 16: ['Wed, Jan 27', 'Colorado State', 'N/A', 'L', '56', '78'], 17: ['Fri, Jan 29', 'Colorado State', 'N/A', 'W', '85', '77'], 18: ['Fri, Feb 5', 'Nevada', 'N/A', 'L', '72', '74'], 19: ['Sun, Feb 7', 'Nevada', 'N/A', 'L', '62', '73'], 20: ['Thu, Feb 11', 'UNLV', 'N/A', 'W', '78', '66'], 21: ['Sat, Feb 13', 'UNLV', 'N/A', 'W', '61', '59'], 22: ['Wed, Feb 17', 'Utah State', 'N/A', 'W', '79', '70'], 23: ['Fri, Feb 19', 'Utah State', 'N/A', 'W', '81', '77'], 24: ['Thu, Feb 25', 'San Diego State', '22', 'L', '66', '78'], 25: ['Sat, Feb 27', 'San Diego State', '22', 'L', '58', '62'], 26: ['Tue, Mar 2', 'Fresno State', 'N/A', 'L', '64', '67'], 27: ['Thu, Mar 11', 'Nevada', 'N/A', 'L', '82', '89']}",0.6260466851866854
Colorado State,207,36,Rams,19,6,0.76,"{1: ['Fri, Mar 19', 'Buffalo', '4', 'W', '75', '73'], 2: ['Sat, Dec 12', 'State-Pueblo', 'N/A', 'W', '89', '77'], 3: ['Mon, Dec 14', 'Northern Arizona', 'N/A', 'W', '91', '52'], 4: ['Sat, Dec 19', ""Saint Mary's"", 'N/A', 'L', '33', '53'], 5: ['Tue, Dec 22', 'Santa Clara', 'N/A', 'W', '70', '57'], 6: ['Mon, Dec 28', 'Fresno State', 'N/A', 'W', '75', '53'], 7: ['Wed, Dec 30', 'Fresno State', 'N/A', 'W', '81', '59'], 8: ['Sat, Jan 2', 'San Diego State', 'N/A', 'W', '70', '67'], 9: ['Mon, Jan 4', 'San Diego State', 'N/A', 'L', '65', '78'], 10: ['Thu, Jan 7', 'UNLV', 'N/A', 'W', '74', '71'], 11: ['Sat, Jan 9', 'UNLV', 'N/A', 'W', '83', '80'], 12: ['Thu, Jan 14', 'San José St', 'N/A', 'W', '90', '57'], 13: ['Sat, Jan 16', 'San José St', 'N/A', 'W', '88', '61'], 14: ['Tue, Jan 19', 'Utah State', 'N/A', 'L', '64', '83'], 15: ['Thu, Jan 21', 'Utah State', 'N/A', 'W', '84', '76'], 16: ['Wed, Jan 27', 'Boise State', 'N/A', 'W', '78', '56'], 17: ['Fri, Jan 29', 'Boise State', 'N/A', 'L', '77', '85'], 18: ['Thu, Feb 4', 'Wyoming', 'N/A', 'W', '74', '72'], 19: ['Sat, Feb 6', 'Wyoming', 'N/A', 'W', '68', '59'], 20: ['Sat, Feb 27', 'Air Force', 'N/A', 'W', '72', '49'], 21: ['Mon, Mar 1', 'Air Force', 'N/A', 'W', '74', '44'], 22: ['Wed, Mar 3', 'New Mexico', 'N/A', 'W', '87', '73'], 23: ['Fri, Mar 5', 'Nevada', 'N/A', 'L', '82', '85'], 24: ['Thu, Mar 11', 'Fresno State', 'N/A', 'W', '72', '62'], 25: ['Fri, Mar 12', 'Utah State', 'N/A', 'L', '50', '62']}",0.5606867469482413
Fresno State,208,278,Bulldogs,12,12,0.5,"{1: ['Wed, Nov 25', 'Jessup', 'N/A', 'W', '87', '47'], 2: ['Sat, Dec 19', 'Pacific', 'N/A', 'W', '78', '65'], 3: ['Mon, Dec 28', 'Colorado State', 'N/A', 'L', '53', '75'], 4: ['Wed, Dec 30', 'Colorado State', 'N/A', 'L', '59', '81'], 5: ['Sat, Jan 2', 'Wyoming', 'N/A', 'L', '74', '78'], 6: ['Mon, Jan 4', 'Wyoming', 'N/A', 'W', '81', '61'], 7: ['Fri, Jan 8', 'San José St', 'N/A', 'W', '79', '64'], 8: ['Sun, Jan 10', 'San José St', 'N/A', 'W', '80', '65'], 9: ['Fri, Jan 15', 'Nevada', 'N/A', 'L', '57', '73'], 10: ['Sun, Jan 17', 'Nevada', 'N/A', 'L', '65', '79'], 11: ['Wed, Jan 20', 'Boise State', 'N/A', 'L', '51', '73'], 12: ['Thu, Jan 28', 'New Mexico', 'N/A', 'W', '64', '62'], 13: ['Sat, Jan 30', 'New Mexico', 'N/A', 'W', '65', '55'], 14: ['Thu, Feb 4', 'Utah State', 'N/A', 'L', '53', '69'], 15: ['Thu, Feb 11', 'Air Force', 'N/A', 'W', '69', '63'], 16: ['Sat, Feb 13', 'Air Force', 'N/A', 'W', '67', '64'], 17: ['Thu, Feb 18', 'San Diego State', '25', 'L', '53', '67'], 18: ['Sat, Feb 20', 'San Diego State', '25', 'L', '57', '75'], 19: ['Wed, Feb 24', 'UNLV', 'N/A', 'W', '67', '64'], 20: ['Fri, Feb 26', 'UNLV', 'N/A', 'L', '67', '68'], 21: ['Tue, Mar 2', 'Boise State', 'N/A', 'W', '67', '64'], 22: ['Sat, Mar 6', 'Utah State', 'N/A', 'L', '51', '57'], 23: ['Wed, Mar 10', 'New Mexico', 'N/A', 'W', '85', '77'], 24: ['Thu, Mar 11', 'Colorado State', 'N/A', 'L', '62', '72']}",0.5318089264835892
Nevada,209,2440,Wolf Pack,16,10,0.6153846153846154,"{1: ['Wed, Nov 25', 'North Dakota State', 'N/A', 'W', '62', '48'], 2: ['Thu, Nov 26', 'Nebraska', 'N/A', 'W', '69', '66'], 3: ['Mon, Nov 30', 'Pacific', 'N/A', 'W', '70', '58'], 4: ['Wed, Dec 2', 'San Francisco', 'N/A', 'L', '60', '85'], 5: ['Mon, Dec 7', 'Jessup', 'N/A', 'W', '86', '64'], 6: ['Fri, Dec 11', 'Grand Canyon', 'N/A', 'L', '77', '87'], 7: ['Mon, Dec 14', 'San Diego', 'N/A', 'W', '79', '72'], 8: ['Fri, Dec 18', 'Air Force', 'N/A', 'W', '74', '57'], 9: ['Sun, Dec 20', 'Air Force', 'N/A', 'L', '66', '68'], 10: ['Thu, Dec 31', 'New Mexico', 'N/A', 'W', '68', '54'], 11: ['Sat, Jan 2', 'New Mexico', 'N/A', 'W', '84', '74'], 12: ['Thu, Jan 7', 'San Diego State', 'N/A', 'L', '60', '65'], 13: ['Sat, Jan 9', 'San Diego State', 'N/A', 'L', '67', '69'], 14: ['Fri, Jan 15', 'Fresno State', 'N/A', 'W', '73', '57'], 15: ['Sun, Jan 17', 'Fresno State', 'N/A', 'W', '79', '65'], 16: ['Fri, Jan 22', 'Wyoming', 'N/A', 'L', '64', '71'], 17: ['Sun, Jan 24', 'Wyoming', 'N/A', 'L', '88', '93'], 18: ['Sun, Jan 31', 'UNLV', 'N/A', 'W', '89', '60'], 19: ['Tue, Feb 2', 'UNLV', 'N/A', 'W', '72', '62'], 20: ['Fri, Feb 5', 'Boise State', 'N/A', 'W', '74', '72'], 21: ['Sun, Feb 7', 'Boise State', 'N/A', 'W', '73', '62'], 22: ['Fri, Feb 26', 'Utah State', 'N/A', 'L', '72', '75'], 23: ['Sun, Feb 28', 'Utah State', 'N/A', 'L', '66', '87'], 24: ['Fri, Mar 5', 'Colorado State', 'N/A', 'W', '85', '82'], 25: ['Thu, Mar 11', 'Boise State', 'N/A', 'W', '89', '82'], 26: ['Fri, Mar 12', 'San Diego State', '19', 'L', '70', '77']}",0.5461793786800684
New Mexico,210,167,Lobos,6,16,0.2727272727272727,"{1: ['Sun, Dec 13', 'Rice', 'N/A', 'W', '72', '61'], 2: ['Tue, Dec 15', 'Lady of the Lake', 'N/A', 'W', '104', '65'], 3: ['Thu, Dec 17', 'Tourneau', 'N/A', 'W', '90', '58'], 4: ['Mon, Dec 21', 'Boise State', 'N/A', 'L', '53', '77'], 5: ['Wed, Dec 23', 'Boise State', 'N/A', 'L', '52', '89'], 6: ['Thu, Dec 31', 'Nevada', 'N/A', 'L', '54', '68'], 7: ['Sat, Jan 2', 'Nevada', 'N/A', 'L', '74', '84'], 8: ['Wed, Jan 6', 'Utah State', 'N/A', 'L', '45', '77'], 9: ['Fri, Jan 8', 'Utah State', 'N/A', 'L', '46', '82'], 10: ['Wed, Jan 13', 'Dixie State', 'N/A', 'W', '72', '63'], 11: ['Sat, Jan 16', 'UNLV', 'N/A', 'L', '54', '77'], 12: ['Mon, Jan 18', 'UNLV', 'N/A', 'L', '46', '53'], 13: ['Thu, Jan 21', 'San José St', 'N/A', 'W', '67', '51'], 14: ['Sat, Jan 23', 'San José St', 'N/A', 'L', '71', '83'], 15: ['Thu, Jan 28', 'Fresno State', 'N/A', 'L', '62', '64'], 16: ['Sat, Jan 30', 'Fresno State', 'N/A', 'L', '55', '65'], 17: ['Wed, Feb 17', 'Wyoming', 'N/A', 'L', '74', '83'], 18: ['Fri, Feb 19', 'Wyoming', 'N/A', 'L', '67', '79'], 19: ['Mon, Feb 22', 'Air Force', 'N/A', 'W', '73', '65'], 20: ['Wed, Feb 24', 'Air Force', 'N/A', 'L', '55', '62'], 21: ['Wed, Mar 3', 'Colorado State', 'N/A', 'L', '73', '87'], 22: ['Wed, Mar 10', 'Fresno State', 'N/A', 'L', '77', '85']}",0.5039616507375128
San Diego State,211,21,Aztecs,23,5,0.8214285714285714,"{1: ['Fri, Mar 19', 'Syracuse', '11', 'L', '62', '78'], 2: ['Wed, Nov 25', 'UCLA', '22', 'W', '73', '58'], 3: ['Fri, Nov 27', 'UC Irvine', 'N/A', 'W', '77', '58'], 4: ['Wed, Dec 2', 'Katherine', 'N/A', 'W', '83', '41'], 5: ['Sun, Dec 6', 'Pepperdine', 'N/A', 'W', '65', '60'], 6: ['Thu, Dec 10', 'Arizona State', '23', 'W', '80', '68'], 7: ['Fri, Dec 18', 'BYU', 'N/A', 'L', '62', '72'], 8: ['Tue, Dec 22', ""Saint Mary's"", 'N/A', 'W', '74', '49'], 9: ['Sat, Jan 2', 'Colorado State', 'N/A', 'L', '67', '70'], 10: ['Mon, Jan 4', 'Colorado State', 'N/A', 'W', '78', '65'], 11: ['Thu, Jan 7', 'Nevada', 'N/A', 'W', '65', '60'], 12: ['Sat, Jan 9', 'Nevada', 'N/A', 'W', '69', '67'], 13: ['Thu, Jan 14', 'Utah State', 'N/A', 'L', '45', '57'], 14: ['Sat, Jan 16', 'Utah State', 'N/A', 'L', '59', '64'], 15: ['Fri, Jan 22', 'Air Force', 'N/A', 'W', '98', '61'], 16: ['Sun, Jan 24', 'Air Force', 'N/A', 'W', '91', '59'], 17: ['Thu, Jan 28', 'Wyoming', 'N/A', 'W', '87', '57'], 18: ['Sat, Jan 30', 'Wyoming', 'N/A', 'W', '98', '71'], 19: ['Mon, Feb 8', 'San José St', 'N/A', 'W', '85', '54'], 20: ['Wed, Feb 10', 'San José St', 'N/A', 'W', '77', '55'], 21: ['Thu, Feb 18', 'Fresno State', 'N/A', 'W', '67', '53'], 22: ['Sat, Feb 20', 'Fresno State', 'N/A', 'W', '75', '57'], 23: ['Thu, Feb 25', 'Boise State', 'N/A', 'W', '78', '66'], 24: ['Sat, Feb 27', 'Boise State', 'N/A', 'W', '62', '58'], 25: ['Wed, Mar 3', 'UNLV', 'N/A', 'W', '71', '62'], 26: ['Thu, Mar 11', 'Wyoming', 'N/A', 'W', '69', '66'], 27: ['Fri, Mar 12', 'Nevada', 'N/A', 'W', '77', '70'], 28: ['Sat, Mar 13', 'Utah State', 'N/A', 'W', '68', '57']}",0.5958200195339403
San José St,212,23,Spartans,5,16,0.2380952380952381,"{1: ['Wed, Dec 9', 'Pacific', 'N/A', 'W', '87', '79'], 2: ['Fri, Dec 11', ""Saint Mary's"", 'N/A', 'L', '61', '96'], 3: ['Sun, Dec 13', 'Cal Poly', 'N/A', 'L', '71', '73'], 4: ['Mon, Dec 21', 'Utah State', 'N/A', 'L', '62', '107'], 5: ['Wed, Dec 23', 'Utah State', 'N/A', 'L', '52', '85'], 6: ['Thu, Dec 31', 'Boise State', 'N/A', 'L', '54', '106'], 7: ['Sat, Jan 2', 'Boise State', 'N/A', 'L', '86', '87'], 8: ['Mon, Jan 4', '(AZ)', 'N/A', 'W', '80', '64'], 9: ['Fri, Jan 8', 'Fresno State', 'N/A', 'L', '64', '79'], 10: ['Sun, Jan 10', 'Fresno State', 'N/A', 'L', '65', '80'], 11: ['Thu, Jan 14', 'Colorado State', 'N/A', 'L', '57', '90'], 12: ['Sat, Jan 16', 'Colorado State', 'N/A', 'L', '61', '88'], 13: ['Thu, Jan 21', 'New Mexico', 'N/A', 'L', '51', '67'], 14: ['Sat, Jan 23', 'New Mexico', 'N/A', 'W', '83', '71'], 15: ['Thu, Jan 28', 'Air Force', 'N/A', 'W', '59', '58'], 16: ['Sat, Jan 30', 'Air Force', 'N/A', 'W', '75', '62'], 17: ['Mon, Feb 8', 'San Diego State', 'N/A', 'L', '54', '85'], 18: ['Wed, Feb 10', 'San Diego State', 'N/A', 'L', '55', '77'], 19: ['Fri, Feb 19', 'UNLV', 'N/A', 'L', '60', '76'], 20: ['Sun, Feb 21', 'UNLV', 'N/A', 'L', '64', '67'], 21: ['Wed, Mar 10', 'Wyoming', 'N/A', 'L', '80', '111']}",0.5296959164717785
UNLV,213,2439,Rebels,12,15,0.4444444444444444,"{1: ['Wed, Nov 25', 'Montana State', 'N/A', 'L', '78', '91'], 2: ['Mon, Nov 30', 'North Carolina', '14', 'L', '51', '78'], 3: ['Tue, Dec 1', 'Alabama', 'N/A', 'L', '74', '86'], 4: ['Wed, Dec 2', 'Davidson', 'N/A', 'L', '73', '77'], 5: ['Sat, Dec 5', 'Kansas State', 'N/A', 'W', '68', '58'], 6: ['Thu, Jan 7', 'Colorado State', 'N/A', 'L', '71', '74'], 7: ['Sat, Jan 9', 'Colorado State', 'N/A', 'L', '80', '83'], 8: ['Tue, Jan 12', 'Katherine', 'N/A', 'W', '95', '34'], 9: ['Sat, Jan 16', 'New Mexico', 'N/A', 'W', '77', '54'], 10: ['Mon, Jan 18', 'New Mexico', 'N/A', 'W', '53', '46'], 11: ['Thu, Jan 21', '', 'N/A', 'W', '99', '45'], 12: ['Mon, Jan 25', 'Utah State', 'N/A', 'W', '59', '56'], 13: ['Wed, Jan 27', 'Utah State', 'N/A', 'L', '74', '83'], 14: ['Sun, Jan 31', 'Nevada', 'N/A', 'L', '60', '89'], 15: ['Tue, Feb 2', 'Nevada', 'N/A', 'L', '62', '72'], 16: ['Sat, Feb 6', 'Air Force', 'N/A', 'W', '68', '58'], 17: ['Mon, Feb 8', 'Air Force', 'N/A', 'W', '69', '64'], 18: ['Thu, Feb 11', 'Boise State', 'N/A', 'L', '66', '78'], 19: ['Sat, Feb 13', 'Boise State', 'N/A', 'L', '59', '61'], 20: ['Fri, Feb 19', 'San José St', 'N/A', 'W', '76', '60'], 21: ['Sun, Feb 21', 'San José St', 'N/A', 'W', '67', '64'], 22: ['Wed, Feb 24', 'Fresno State', 'N/A', 'L', '64', '67'], 23: ['Fri, Feb 26', 'Fresno State', 'N/A', 'W', '68', '67'], 24: ['Wed, Mar 3', 'San Diego State', '19', 'L', '62', '71'], 25: ['Sat, Mar 6', 'Wyoming', 'N/A', 'L', '69', '80'], 26: ['Wed, Mar 10', 'Air Force', 'N/A', 'W', '80', '52'], 27: ['Thu, Mar 11', 'Utah State', 'N/A', 'L', '53', '74']}",0.5583931330546757
Utah State,214,328,Aggies,20,9,0.6896551724137931,"{1: ['Fri, Mar 19', 'Texas Tech', '6', 'L', '53', '65'], 2: ['Wed, Nov 25', 'VCU', 'N/A', 'L', '69', '85'], 3: ['Thu, Nov 26', 'South Dakota State', 'N/A', 'L', '59', '83'], 4: ['Fri, Nov 27', 'Northern Iowa', 'N/A', 'W', '82', '71'], 5: ['Sat, Dec 5', 'BYU', 'N/A', 'L', '64', '67'], 6: ['Tue, Dec 8', 'of Idaho', 'N/A', 'W', '90', '64'], 7: ['Fri, Dec 18', 'Northern Colorado', 'N/A', 'W', '63', '50'], 8: ['Mon, Dec 21', 'San José St', 'N/A', 'W', '107', '62'], 9: ['Wed, Dec 23', 'San José St', 'N/A', 'W', '85', '52'], 10: ['Thu, Dec 31', 'Air Force', 'N/A', 'W', '83', '48'], 11: ['Sat, Jan 2', 'Air Force', 'N/A', 'W', '72', '53'], 12: ['Wed, Jan 6', 'New Mexico', 'N/A', 'W', '77', '45'], 13: ['Fri, Jan 8', 'New Mexico', 'N/A', 'W', '82', '46'], 14: ['Thu, Jan 14', 'San Diego State', 'N/A', 'W', '57', '45'], 15: ['Sat, Jan 16', 'San Diego State', 'N/A', 'W', '64', '59'], 16: ['Tue, Jan 19', 'Colorado State', 'N/A', 'W', '83', '64'], 17: ['Thu, Jan 21', 'Colorado State', 'N/A', 'L', '76', '84'], 18: ['Mon, Jan 25', 'UNLV', 'N/A', 'L', '56', '59'], 19: ['Wed, Jan 27', 'UNLV', 'N/A', 'W', '83', '74'], 20: ['Thu, Feb 4', 'Fresno State', 'N/A', 'W', '69', '53'], 21: ['Wed, Feb 17', 'Boise State', 'N/A', 'L', '70', '79'], 22: ['Fri, Feb 19', 'Boise State', 'N/A', 'L', '77', '81'], 23: ['Fri, Feb 26', 'Nevada', 'N/A', 'W', '75', '72'], 24: ['Sun, Feb 28', 'Nevada', 'N/A', 'W', '87', '66'], 25: ['Thu, Mar 4', 'Wyoming', 'N/A', 'W', '72', '59'], 26: ['Sat, Mar 6', 'Fresno State', 'N/A', 'W', '57', '51'], 27: ['Thu, Mar 11', 'UNLV', 'N/A', 'W', '74', '53'], 28: ['Fri, Mar 12', 'Colorado State', 'N/A', 'W', '62', '50'], 29: ['Sat, Mar 13', 'San Diego State', '19', 'L', '57', '68']}",0.5909366778918075
Wyoming,215,2751,Cowboys,14,11,0.56,"{1: ['Sat, Nov 28', 'Mississippi Valley State', 'N/A', 'W', '97', '61'], 2: ['Mon, Nov 30', 'Texas Southern', 'N/A', 'L', '74', '76'], 3: ['Wed, Dec 2', 'Incarnate Word', 'N/A', 'W', '94', '83'], 4: ['Sun, Dec 6', 'Oregon State', 'N/A', 'W', '76', '73'], 5: ['Wed, Dec 9', 'Denver', 'N/A', 'W', '83', '61'], 6: ['Sat, Dec 12', 'Utah Valley', 'N/A', 'W', '93', '88'], 7: ['Thu, Dec 17', 'Omaha', 'N/A', 'W', '82', '78'], 8: ['Sat, Jan 2', 'Fresno State', 'N/A', 'W', '78', '74'], 9: ['Mon, Jan 4', 'Fresno State', 'N/A', 'L', '61', '81'], 10: ['Mon, Jan 11', 'Boise State', 'N/A', 'L', '60', '83'], 11: ['Wed, Jan 13', 'Boise State', 'N/A', 'L', '70', '90'], 12: ['Sat, Jan 16', 'Air Force', 'N/A', 'L', '69', '72'], 13: ['Mon, Jan 18', 'Air Force', 'N/A', 'W', '77', '58'], 14: ['Fri, Jan 22', 'Nevada', 'N/A', 'W', '71', '64'], 15: ['Sun, Jan 24', 'Nevada', 'N/A', 'W', '93', '88'], 16: ['Thu, Jan 28', 'San Diego State', 'N/A', 'L', '57', '87'], 17: ['Sat, Jan 30', 'San Diego State', 'N/A', 'L', '71', '98'], 18: ['Thu, Feb 4', 'Colorado State', 'N/A', 'L', '72', '74'], 19: ['Sat, Feb 6', 'Colorado State', 'N/A', 'L', '59', '68'], 20: ['Wed, Feb 17', 'New Mexico', 'N/A', 'W', '83', '74'], 21: ['Fri, Feb 19', 'New Mexico', 'N/A', 'W', '79', '67'], 22: ['Thu, Mar 4', 'Utah State', 'N/A', 'L', '59', '72'], 23: ['Sat, Mar 6', 'UNLV', 'N/A', 'W', '80', '69'], 24: ['Wed, Mar 10', 'San José St', 'N/A', 'W', '111', '80'], 25: ['Thu, Mar 11', 'San Diego State', '19', 'L', '66', '69']}",0.5097666279569728
Bryant,216,2803,Bulldogs,15,6,0.7142857142857143,"{1: ['Fri, Nov 27', 'Syracuse', 'N/A', 'L', '84', '85'], 2: ['Tue, Dec 1', 'New Hampshire', 'N/A', 'W', '93', '85'], 3: ['Sat, Dec 5', 'Island College', 'N/A', 'W', '138', '83'], 4: ['Tue, Dec 8', 'St. Francis (BKN)', 'N/A', 'W', '101', '82'], 5: ['Wed, Dec 9', 'St. Francis (BKN)', 'N/A', 'L', '91', '93'], 6: ['Sat, Dec 12', 'Stony Brook', 'N/A', 'W', '81', '72'], 7: ['Wed, Dec 16', 'Wagner', 'N/A', 'W', '74', '62'], 8: ['Thu, Dec 17', 'Wagner', 'N/A', 'W', '81', '75'], 9: ['Mon, Dec 21', 'UMass', 'N/A', 'W', '93', '88'], 10: ['Thu, Jan 7', 'Central Connecticut', 'N/A', 'W', '93', '68'], 11: ['Fri, Jan 8', 'Central Connecticut', 'N/A', 'W', '76', '64'], 12: ['Thu, Jan 14', 'St. Francis (PA)', 'N/A', 'L', '82', '89'], 13: ['Fri, Jan 15', 'St. Francis (PA)', 'N/A', 'W', '72', '63'], 14: ['Sat, Jan 30', 'Fairleigh Dickinson', 'N/A', 'L', '79', '81'], 15: ['Sun, Jan 31', 'Fairleigh Dickinson', 'N/A', 'L', '84', '95'], 16: ['Sat, Feb 20', 'Merrimack', 'N/A', 'W', '60', '58'], 17: ['Sun, Feb 21', 'Merrimack', 'N/A', 'W', '76', '60'], 18: ['Thu, Feb 25', 'Long Island University', 'N/A', 'W', '87', '80'], 19: ['Fri, Feb 26', 'Long Island University', 'N/A', 'W', '63', '60'], 20: ['Sat, Mar 6', 'Sacred Heart', 'N/A', 'W', '85', '55'], 21: ['Tue, Mar 9', ""Mount St. Mary's"", 'N/A', 'L', '68', '73']}",0.4579186355216104
Central Connecticut,217,2115,Blue Devils,5,16,0.2380952380952381,"{1: ['Wed, Nov 25', 'UConn', 'N/A', 'L', '75', '102'], 2: ['Fri, Nov 27', 'Army', 'N/A', 'L', '57', '79'], 3: ['Fri, Dec 4', 'Hartford', 'N/A', 'L', '65', '80'], 4: ['Tue, Dec 8', 'Fairleigh Dickinson', 'N/A', 'W', '94', '87'], 5: ['Wed, Dec 9', 'Fairleigh Dickinson', 'N/A', 'L', '71', '79'], 6: ['Tue, Dec 15', 'St. Francis (BKN)', 'N/A', 'L', '86', '91'], 7: ['Wed, Dec 16', 'St. Francis (BKN)', 'N/A', 'W', '78', '59'], 8: ['Thu, Jan 7', 'Bryant', 'N/A', 'L', '68', '93'], 9: ['Fri, Jan 8', 'Bryant', 'N/A', 'L', '64', '76'], 10: ['Thu, Jan 14', 'Sacred Heart', 'N/A', 'L', '48', '65'], 11: ['Thu, Jan 21', ""Mount St. Mary's"", 'N/A', 'L', '57', '67'], 12: ['Fri, Jan 22', ""Mount St. Mary's"", 'N/A', 'W', '65', '64'], 13: ['Sat, Jan 30', 'St. Francis (PA)', 'N/A', 'L', '59', '62'], 14: ['Sun, Jan 31', 'St. Francis (PA)', 'N/A', 'W', '85', '77'], 15: ['Thu, Feb 11', 'Merrimack', 'N/A', 'L', '46', '62'], 16: ['Fri, Feb 12', 'Merrimack', 'N/A', 'L', '52', '72'], 17: ['Wed, Feb 17', 'Sacred Heart', 'N/A', 'L', '70', '82'], 18: ['Sat, Feb 20', 'Long Island University', 'N/A', 'L', '74', '87'], 19: ['Sun, Feb 21', 'Long Island University', 'N/A', 'L', '79', '81'], 20: ['Thu, Feb 25', 'Wagner', 'N/A', 'L', '63', '83'], 21: ['Fri, Feb 26', 'Wagner', 'N/A', 'W', '83', '77']}",0.5173083400200105
Fairleigh Dickinson,218,161,Knights,9,15,0.375,"{1: ['Wed, Nov 25', 'Quinnipiac', 'N/A', 'L', '66', '84'], 2: ['Fri, Nov 27', 'Rutgers', '24', 'L', '75', '96'], 3: ['Mon, Nov 30', 'Hofstra', 'N/A', 'L', '58', '73'], 4: ['Sat, Dec 5', 'Providence', 'N/A', 'L', '67', '79'], 5: ['Tue, Dec 8', 'Central Connecticut', 'N/A', 'L', '87', '94'], 6: ['Wed, Dec 9', 'Central Connecticut', 'N/A', 'W', '79', '71'], 7: ['Sat, Dec 19', 'Drexel', 'N/A', 'L', '68', '85'], 8: ['Tue, Dec 22', 'Fairfield', 'N/A', 'W', '69', '65'], 9: ['Thu, Jan 21', 'Merrimack', 'N/A', 'L', '51', '62'], 10: ['Fri, Jan 22', 'Merrimack', 'N/A', 'L', '71', '76'], 11: ['Tue, Jan 26', 'St. Francis (PA)', 'N/A', 'W', '94', '92'], 12: ['Wed, Jan 27', 'St. Francis (PA)', 'N/A', 'L', '82', '90'], 13: ['Sat, Jan 30', 'Bryant', 'N/A', 'W', '81', '79'], 14: ['Sun, Jan 31', 'Bryant', 'N/A', 'W', '95', '84'], 15: ['Thu, Feb 4', 'Long Island University', 'N/A', 'W', '78', '70'], 16: ['Fri, Feb 5', 'Long Island University', 'N/A', 'W', '77', '62'], 17: ['Thu, Feb 11', 'Wagner', 'N/A', 'L', '72', '76'], 18: ['Sat, Feb 13', 'Wagner', 'N/A', 'L', '86', '95'], 19: ['Tue, Feb 16', 'St. Francis (BKN)', 'N/A', 'L', '75', '83'], 20: ['Wed, Feb 17', 'St. Francis (BKN)', 'N/A', 'L', '87', '90'], 21: ['Sat, Feb 20', ""Mount St. Mary's"", 'N/A', 'W', '76', '71'], 22: ['Sun, Feb 21', ""Mount St. Mary's"", 'N/A', 'L', '61', '74'], 23: ['Thu, Feb 25', 'Sacred Heart', 'N/A', 'W', '82', '69'], 24: ['Fri, Feb 26', 'Sacred Heart', 'N/A', 'L', '64', '70']}",0.4944305998123695
Long Island University,219,112358,Sharks,9,9,0.5,"{1: ['Wed, Dec 16', 'Sacred Heart', 'N/A', 'W', '75', '55'], 2: ['Thu, Dec 17', 'Sacred Heart', 'N/A', 'L', '72', '87'], 3: ['Thu, Jan 7', 'St. Francis (PA)', 'N/A', 'W', '78', '75'], 4: ['Fri, Jan 8', 'St. Francis (PA)', 'N/A', 'W', '71', '58'], 5: ['Thu, Jan 14', 'Wagner', 'N/A', 'W', '77', '66'], 6: ['Fri, Jan 15', 'Wagner', 'N/A', 'L', '74', '76'], 7: ['Wed, Jan 27', 'Merrimack', 'N/A', 'L', '63', '68'], 8: ['Thu, Jan 28', 'Merrimack', 'N/A', 'W', '78', '68'], 9: ['Sat, Jan 30', 'St. Francis (BKN)', 'N/A', 'W', '102', '88'], 10: ['Thu, Feb 4', 'Fairleigh Dickinson', 'N/A', 'L', '70', '78'], 11: ['Fri, Feb 5', 'Fairleigh Dickinson', 'N/A', 'L', '62', '77'], 12: ['Mon, Feb 8', 'St. Francis (BKN)', 'N/A', 'W', '96', '84'], 13: ['Thu, Feb 11', ""Mount St. Mary's"", 'N/A', 'L', '60', '66'], 14: ['Fri, Feb 12', ""Mount St. Mary's"", 'N/A', 'L', '46', '64'], 15: ['Sat, Feb 20', 'Central Connecticut', 'N/A', 'W', '87', '74'], 16: ['Sun, Feb 21', 'Central Connecticut', 'N/A', 'W', '81', '79'], 17: ['Thu, Feb 25', 'Bryant', 'N/A', 'L', '80', '87'], 18: ['Fri, Feb 26', 'Bryant', 'N/A', 'L', '60', '63']}",0.4717257295632581
Merrimack,220,2771,Warriors,9,9,0.5,"{1: ['Thu, Jan 7', 'Sacred Heart', 'N/A', 'W', '97', '90'], 2: ['Fri, Jan 8', 'Sacred Heart', 'N/A', 'L', '62', '68'], 3: ['Thu, Jan 14', ""Mount St. Mary's"", 'N/A', 'L', '57', '77'], 4: ['Fri, Jan 15', ""Mount St. Mary's"", 'N/A', 'L', '52', '63'], 5: ['Thu, Jan 21', 'Fairleigh Dickinson', 'N/A', 'W', '62', '51'], 6: ['Fri, Jan 22', 'Fairleigh Dickinson', 'N/A', 'W', '76', '71'], 7: ['Wed, Jan 27', 'Long Island University', 'N/A', 'W', '68', '63'], 8: ['Thu, Jan 28', 'Long Island University', 'N/A', 'L', '68', '78'], 9: ['Thu, Feb 4', 'St. Francis (PA)', 'N/A', 'W', '68', '62'], 10: ['Fri, Feb 5', 'St. Francis (PA)', 'N/A', 'W', '59', '54'], 11: ['Thu, Feb 11', 'Central Connecticut', 'N/A', 'W', '62', '46'], 12: ['Fri, Feb 12', 'Central Connecticut', 'N/A', 'W', '72', '52'], 13: ['Sat, Feb 20', 'Bryant', 'N/A', 'L', '58', '60'], 14: ['Sun, Feb 21', 'Bryant', 'N/A', 'L', '60', '76'], 15: ['Thu, Feb 25', 'St. Francis (BKN)', 'N/A', 'L', '71', '84'], 16: ['Fri, Feb 26', 'St. Francis (BKN)', 'N/A', 'W', '75', '67'], 17: ['Tue, Mar 2', 'Wagner', 'N/A', 'L', '67', '74'], 18: ['Wed, Mar 3', 'Wagner', 'N/A', 'L', '59', '64']}",0.4717257295632582
Mount St. Mary's,221,116,Mountaineers,12,11,0.5217391304347826,"{1: ['Thu, Mar 18', 'Texas Southern', '16', 'L', '52', '60'], 2: ['Wed, Nov 25', 'Morgan St', 'N/A', 'W', '62', '55'], 3: ['Sat, Nov 28', 'Navy', 'N/A', 'L', '67', '73'], 4: ['Sun, Nov 29', 'Maryland', 'N/A', 'L', '61', '79'], 5: ['Sat, Dec 5', 'VCU', 'N/A', 'L', '42', '60'], 6: ['Tue, Dec 8', 'St. Francis (PA)', 'N/A', 'W', '75', '57'], 7: ['Thu, Jan 7', 'St. Francis (BKN)', 'N/A', 'L', '55', '70'], 8: ['Fri, Jan 8', 'St. Francis (BKN)', 'N/A', 'L', '55', '67'], 9: ['Thu, Jan 14', 'Merrimack', 'N/A', 'W', '77', '57'], 10: ['Fri, Jan 15', 'Merrimack', 'N/A', 'W', '63', '52'], 11: ['Thu, Jan 21', 'Central Connecticut', 'N/A', 'W', '67', '57'], 12: ['Fri, Jan 22', 'Central Connecticut', 'N/A', 'L', '64', '65'], 13: ['Sat, Jan 30', 'Sacred Heart', 'N/A', 'L', '58', '61'], 14: ['Sun, Jan 31', 'Sacred Heart', 'N/A', 'W', '76', '64'], 15: ['Thu, Feb 11', 'Long Island University', 'N/A', 'W', '66', '60'], 16: ['Fri, Feb 12', 'Long Island University', 'N/A', 'W', '64', '46'], 17: ['Tue, Feb 16', 'Wagner', 'N/A', 'L', '39', '61'], 18: ['Wed, Feb 17', 'Wagner', 'N/A', 'L', '55', '57'], 19: ['Sat, Feb 20', 'Fairleigh Dickinson', 'N/A', 'L', '71', '76'], 20: ['Sun, Feb 21', 'Fairleigh Dickinson', 'N/A', 'W', '74', '61'], 21: ['Thu, Feb 25', 'St. Francis (PA)', 'N/A', 'W', '72', '65'], 22: ['Sat, Mar 6', 'Wagner', 'N/A', 'W', '66', '60'], 23: ['Tue, Mar 9', 'Bryant', 'N/A', 'W', '73', '68']}",0.5311831587346463
Sacred Heart,222,2529,Pioneers,9,9,0.5,"{1: ['Wed, Nov 25', 'Rutgers', '24', 'L', '63', '86'], 2: ['Wed, Dec 16', 'Long Island University', 'N/A', 'L', '55', '75'], 3: ['Thu, Dec 17', 'Long Island University', 'N/A', 'W', '87', '72'], 4: ['Mon, Dec 21', 'Wagner', 'N/A', 'L', '46', '74'], 5: ['Tue, Dec 22', 'Wagner', 'N/A', 'W', '86', '85'], 6: ['Thu, Jan 7', 'Merrimack', 'N/A', 'L', '90', '97'], 7: ['Fri, Jan 8', 'Merrimack', 'N/A', 'W', '68', '62'], 8: ['Thu, Jan 14', 'Central Connecticut', 'N/A', 'W', '65', '48'], 9: ['Thu, Jan 21', 'St. Francis (PA)', 'N/A', 'L', '58', '76'], 10: ['Fri, Jan 22', 'St. Francis (PA)', 'N/A', 'W', '82', '70'], 11: ['Sat, Jan 30', ""Mount St. Mary's"", 'N/A', 'W', '61', '58'], 12: ['Sun, Jan 31', ""Mount St. Mary's"", 'N/A', 'L', '64', '76'], 13: ['Wed, Feb 17', 'Central Connecticut', 'N/A', 'W', '82', '70'], 14: ['Sat, Feb 20', 'St. Francis (BKN)', 'N/A', 'L', '76', '88'], 15: ['Sun, Feb 21', 'St. Francis (BKN)', 'N/A', 'W', '88', '82'], 16: ['Thu, Feb 25', 'Fairleigh Dickinson', 'N/A', 'L', '69', '82'], 17: ['Fri, Feb 26', 'Fairleigh Dickinson', 'N/A', 'W', '70', '64'], 18: ['Sat, Mar 6', 'Bryant', 'N/A', 'L', '55', '85']}",0.4698538894691958
St. Francis (BKN),223,2597,Terriers,9,10,0.4736842105263158,"{1: ['Tue, Dec 8', 'Bryant', 'N/A', 'L', '82', '101'], 2: ['Wed, Dec 9', 'Bryant', 'N/A', 'W', '93', '91'], 3: ['Tue, Dec 15', 'Central Connecticut', 'N/A', 'W', '91', '86'], 4: ['Wed, Dec 16', 'Central Connecticut', 'N/A', 'L', '59', '78'], 5: ['Wed, Dec 23', ""Saint Peter's"", 'N/A', 'L', '64', '70'], 6: ['Thu, Jan 7', ""Mount St. Mary's"", 'N/A', 'W', '70', '55'], 7: ['Fri, Jan 8', ""Mount St. Mary's"", 'N/A', 'W', '67', '55'], 8: ['Sat, Jan 30', 'Long Island University', 'N/A', 'L', '88', '102'], 9: ['Thu, Feb 4', 'Wagner', 'N/A', 'L', '67', '74'], 10: ['Fri, Feb 5', 'Wagner', 'N/A', 'L', '81', '84'], 11: ['Mon, Feb 8', 'Long Island University', 'N/A', 'L', '84', '96'], 12: ['Thu, Feb 11', 'St. Francis (PA)', 'N/A', 'W', '70', '67'], 13: ['Fri, Feb 12', 'St. Francis (PA)', 'N/A', 'L', '66', '80'], 14: ['Tue, Feb 16', 'Fairleigh Dickinson', 'N/A', 'W', '83', '75'], 15: ['Wed, Feb 17', 'Fairleigh Dickinson', 'N/A', 'W', '90', '87'], 16: ['Sat, Feb 20', 'Sacred Heart', 'N/A', 'W', '88', '76'], 17: ['Sun, Feb 21', 'Sacred Heart', 'N/A', 'L', '82', '88'], 18: ['Thu, Feb 25', 'Merrimack', 'N/A', 'W', '84', '71'], 19: ['Fri, Feb 26', 'Merrimack', 'N/A', 'L', '67', '75']}",0.479141826899264
St. Francis (PA),224,2598,Red Flash,6,16,0.2727272727272727,"{1: ['Wed, Nov 25', 'Pittsburgh', 'N/A', 'W', '80', '70'], 2: ['Sat, Nov 28', 'UMBC', 'N/A', 'L', '65', '80'], 3: ['Tue, Dec 1', 'Virginia', '15', 'L', '51', '76'], 4: ['Thu, Dec 3', 'Liberty', 'N/A', 'L', '62', '78'], 5: ['Tue, Dec 8', ""Mount St. Mary's"", 'N/A', 'L', '57', '75'], 6: ['Thu, Jan 7', 'Long Island University', 'N/A', 'L', '75', '78'], 7: ['Fri, Jan 8', 'Long Island University', 'N/A', 'L', '58', '71'], 8: ['Thu, Jan 14', 'Bryant', 'N/A', 'W', '89', '82'], 9: ['Fri, Jan 15', 'Bryant', 'N/A', 'L', '63', '72'], 10: ['Thu, Jan 21', 'Sacred Heart', 'N/A', 'W', '76', '58'], 11: ['Fri, Jan 22', 'Sacred Heart', 'N/A', 'L', '70', '82'], 12: ['Tue, Jan 26', 'Fairleigh Dickinson', 'N/A', 'L', '92', '94'], 13: ['Wed, Jan 27', 'Fairleigh Dickinson', 'N/A', 'W', '90', '82'], 14: ['Sat, Jan 30', 'Central Connecticut', 'N/A', 'W', '62', '59'], 15: ['Sun, Jan 31', 'Central Connecticut', 'N/A', 'L', '77', '85'], 16: ['Thu, Feb 4', 'Merrimack', 'N/A', 'L', '62', '68'], 17: ['Fri, Feb 5', 'Merrimack', 'N/A', 'L', '54', '59'], 18: ['Thu, Feb 11', 'St. Francis (BKN)', 'N/A', 'L', '67', '70'], 19: ['Fri, Feb 12', 'St. Francis (BKN)', 'N/A', 'W', '80', '66'], 20: ['Sat, Feb 20', 'Wagner', 'N/A', 'L', '52', '67'], 21: ['Sun, Feb 21', 'Wagner', 'N/A', 'L', '68', '70'], 22: ['Thu, Feb 25', ""Mount St. Mary's"", 'N/A', 'L', '65', '72']}",0.5486165991733232
Wagner,225,2681,Seahawks,13,7,0.65,"{1: ['Tue, Dec 8', 'Seton Hall', 'N/A', 'L', '45', '78'], 2: ['Wed, Dec 16', 'Bryant', 'N/A', 'L', '62', '74'], 3: ['Thu, Dec 17', 'Bryant', 'N/A', 'L', '75', '81'], 4: ['Mon, Dec 21', 'Sacred Heart', 'N/A', 'W', '74', '46'], 5: ['Tue, Dec 22', 'Sacred Heart', 'N/A', 'L', '85', '86'], 6: ['Thu, Jan 14', 'Long Island University', 'N/A', 'L', '66', '77'], 7: ['Fri, Jan 15', 'Long Island University', 'N/A', 'W', '76', '74'], 8: ['Thu, Feb 4', 'St. Francis (BKN)', 'N/A', 'W', '74', '67'], 9: ['Fri, Feb 5', 'St. Francis (BKN)', 'N/A', 'W', '84', '81'], 10: ['Thu, Feb 11', 'Fairleigh Dickinson', 'N/A', 'W', '76', '72'], 11: ['Sat, Feb 13', 'Fairleigh Dickinson', 'N/A', 'W', '95', '86'], 12: ['Tue, Feb 16', ""Mount St. Mary's"", 'N/A', 'W', '61', '39'], 13: ['Wed, Feb 17', ""Mount St. Mary's"", 'N/A', 'W', '57', '55'], 14: ['Sat, Feb 20', 'St. Francis (PA)', 'N/A', 'W', '67', '52'], 15: ['Sun, Feb 21', 'St. Francis (PA)', 'N/A', 'W', '70', '68'], 16: ['Thu, Feb 25', 'Central Connecticut', 'N/A', 'W', '83', '63'], 17: ['Fri, Feb 26', 'Central Connecticut', 'N/A', 'L', '77', '83'], 18: ['Tue, Mar 2', 'Merrimack', 'N/A', 'W', '74', '67'], 19: ['Wed, Mar 3', 'Merrimack', 'N/A', 'W', '64', '59'], 20: ['Sat, Mar 6', ""Mount St. Mary's"", 'N/A', 'L', '60', '66']}",0.46156603905459737
Austin Peay,226,2046,Governors,14,13,0.5185185185185185,"{1: ['Wed, Nov 25', 'Omaha', 'N/A', 'W', '72', '66'], 2: ['Thu, Nov 26', 'East Tennessee State', 'N/A', 'W', '67', '66'], 3: ['Fri, Nov 27', 'Abilene Christian', 'N/A', 'L', '72', '80'], 4: ['Fri, Dec 4', 'College', 'N/A', 'W', '102', '38'], 5: ['Tue, Dec 8', 'Murray State', 'N/A', 'L', '57', '87'], 6: ['Mon, Dec 14', '', 'N/A', 'W', '82', '68'], 7: ['Tue, Dec 15', 'Florida A&M', 'N/A', 'L', '70', '76'], 8: ['Mon, Dec 21', 'Murray State', 'N/A', 'W', '74', '70'], 9: ['Wed, Dec 30', 'Tennessee State', 'N/A', 'W', '68', '59'], 10: ['Sat, Jan 2', 'Eastern Kentucky', 'N/A', 'L', '75', '80'], 11: ['Sat, Jan 9', 'Eastern Illinois', 'N/A', 'W', '74', '71'], 12: ['Thu, Jan 21', 'Tennessee Tech', 'N/A', 'W', '72', '69'], 13: ['Sat, Jan 23', 'Jacksonville State', 'N/A', 'L', '70', '76'], 14: ['Thu, Jan 28', 'Belmont', 'N/A', 'L', '76', '81'], 15: ['Sat, Jan 30', 'Tennessee State', 'N/A', 'W', '71', '56'], 16: ['Mon, Feb 1', 'SIU Edwardsville', 'N/A', 'W', '74', '59'], 17: ['Thu, Feb 4', 'Eastern Kentucky', 'N/A', 'W', '94', '79'], 18: ['Sat, Feb 6', 'Morehead State', 'N/A', 'L', '74', '75'], 19: ['Mon, Feb 8', 'UT Martin', 'N/A', 'L', '75', '76'], 20: ['Thu, Feb 11', 'UT Martin', 'N/A', 'W', '71', '50'], 21: ['Sat, Feb 13', 'Southeast Missouri State', 'N/A', 'W', '78', '63'], 22: ['Tue, Feb 16', 'Southeast Missouri State', 'N/A', 'L', '81', '86'], 23: ['Thu, Feb 18', 'SIU Edwardsville', 'N/A', 'W', '79', '57'], 24: ['Sat, Feb 20', 'Eastern Illinois', 'N/A', 'L', '69', '76'], 25: ['Thu, Feb 25', 'Tennessee Tech', 'N/A', 'L', '76', '81'], 26: ['Sat, Feb 27', 'Jacksonville State', 'N/A', 'L', '67', '75'], 27: ['Thu, Mar 4', 'Eastern Kentucky', 'N/A', 'L', '67', '70']}",0.47014370831048297
Belmont,227,2057,Bruins,26,4,0.8666666666666667,"{1: ['Thu, Nov 26', 'Howard', 'N/A', 'W', '95', '78'], 2: ['Fri, Nov 27', 'George Mason', 'N/A', 'W', '77', '67'], 3: ['Sat, Nov 28', 'NC', 'N/A', 'W', '73', '61'], 4: ['Sat, Dec 5', 'Samford', 'N/A', 'L', '83', '96'], 5: ['Tue, Dec 8', 'Tennessee State', 'N/A', 'W', '79', '64'], 6: ['Sat, Dec 12', 'Lipscomb', 'N/A', 'W', '81', '71'], 7: ['Wed, Dec 16', 'Kennesaw State', 'N/A', 'W', '64', '53'], 8: ['Fri, Dec 18', 'Tennessee State', 'N/A', 'W', '88', '63'], 9: ['Mon, Dec 21', 'Evansville', 'N/A', 'W', '72', '63'], 10: ['Wed, Dec 30', 'Murray State', 'N/A', 'W', '68', '55'], 11: ['Sat, Jan 2', 'UT Martin', 'N/A', 'W', '90', '69'], 12: ['Thu, Jan 7', 'Southeast Missouri State', 'N/A', 'W', '77', '66'], 13: ['Sat, Jan 9', 'UT Martin', 'N/A', 'W', '89', '69'], 14: ['Thu, Jan 14', 'Tennessee Tech', 'N/A', 'W', '88', '67'], 15: ['Sat, Jan 16', 'Jacksonville State', 'N/A', 'W', '98', '91'], 16: ['Thu, Jan 21', 'Eastern Illinois', 'N/A', 'W', '79', '66'], 17: ['Sat, Jan 23', 'SIU Edwardsville', 'N/A', 'W', '114', '62'], 18: ['Thu, Jan 28', 'Austin Peay', 'N/A', 'W', '81', '76'], 19: ['Sat, Jan 30', 'Murray State', 'N/A', 'W', '72', '71'], 20: ['Thu, Feb 4', 'Eastern Illinois', 'N/A', 'W', '89', '61'], 21: ['Sat, Feb 6', 'SIU Edwardsville', 'N/A', 'W', '94', '62'], 22: ['Thu, Feb 11', 'Eastern Kentucky', 'N/A', 'W', '92', '74'], 23: ['Sat, Feb 13', 'Morehead State', 'N/A', 'W', '73', '58'], 24: ['Thu, Feb 18', 'Jacksonville State', 'N/A', 'W', '63', '59'], 25: ['Sat, Feb 20', 'Tennessee Tech', 'N/A', 'W', '90', '66'], 26: ['Thu, Feb 25', 'Eastern Kentucky', 'N/A', 'L', '67', '81'], 27: ['Sat, Feb 27', 'Morehead State', 'N/A', 'L', '82', '89'], 28: ['Wed, Mar 3', 'SIU Edwardsville', 'N/A', 'W', '78', '61'], 29: ['Fri, Mar 5', 'Jacksonville State', 'N/A', 'W', '72', '69'], 30: ['Sat, Mar 6', 'Morehead State', 'N/A', 'L', '71', '86']}",0.44791560480872855
Eastern Illinois,228,2197,Panthers,9,18,0.3333333333333333,"{1: ['Wed, Nov 25', 'Wisconsin', '7', 'L', '67', '77'], 2: ['Fri, Nov 27', 'Marquette', 'N/A', 'L', '50', '75'], 3: ['Tue, Dec 1', 'Dayton', 'N/A', 'L', '63', '66'], 4: ['Thu, Dec 3', 'Chicago State', 'N/A', 'W', '78', '56'], 5: ['Sat, Dec 5', 'Green Bay', 'N/A', 'W', '93', '91'], 6: ['Wed, Dec 9', 'Evansville', 'N/A', 'L', '65', '68'], 7: ['Sat, Dec 12', 'Western Illinois', 'N/A', 'W', '92', '88'], 8: ['Wed, Dec 30', 'Eastern Kentucky', 'N/A', 'L', '61', '69'], 9: ['Sat, Jan 2', 'Tennessee Tech', 'N/A', 'W', '87', '81'], 10: ['Thu, Jan 7', 'Murray State', 'N/A', 'W', '74', '68'], 11: ['Sat, Jan 9', 'Austin Peay', 'N/A', 'L', '71', '74'], 12: ['Thu, Jan 14', 'Morehead State', 'N/A', 'L', '61', '87'], 13: ['Sat, Jan 16', 'Eastern Kentucky', 'N/A', 'L', '85', '93'], 14: ['Thu, Jan 21', 'Belmont', 'N/A', 'L', '66', '79'], 15: ['Sat, Jan 23', 'Tennessee State', 'N/A', 'L', '54', '65'], 16: ['Tue, Jan 26', 'SIU Edwardsville', 'N/A', 'L', '74', '87'], 17: ['Thu, Jan 28', 'UT Martin', 'N/A', 'L', '41', '51'], 18: ['Sat, Jan 30', 'Southeast Missouri State', 'N/A', 'L', '44', '75'], 19: ['Tue, Feb 2', 'SIU Edwardsville', 'N/A', 'W', '70', '61'], 20: ['Thu, Feb 4', 'Belmont', 'N/A', 'L', '61', '89'], 21: ['Sat, Feb 6', 'Tennessee State', 'N/A', 'W', '86', '72'], 22: ['Thu, Feb 11', 'Jacksonville State', 'N/A', 'L', '64', '76'], 23: ['Sat, Feb 13', 'Tennessee Tech', 'N/A', 'L', '67', '80'], 24: ['Thu, Feb 18', 'Murray State', 'N/A', 'W', '68', '59'], 25: ['Sat, Feb 20', 'Austin Peay', 'N/A', 'W', '76', '69'], 26: ['Thu, Feb 25', 'Southeast Missouri State', 'N/A', 'L', '88', '94'], 27: ['Sat, Feb 27', 'UT Martin', 'N/A', 'L', '68', '73']}",0.4839941231711619
Eastern Kentucky,229,2198,Colonels,22,7,0.7586206896551724,"{1: ['Wed, Nov 25', 'North Florida', 'N/A', 'W', '80', '67'], 2: ['Fri, Nov 27', 'Charleston Southern', 'N/A', 'W', '60', '50'], 3: ['Mon, Nov 30', 'Xavier', 'N/A', 'L', '96', '99'], 4: ['Wed, Dec 2', 'South Carolina Upstate', 'N/A', 'W', '95', '78'], 5: ['Mon, Dec 7', 'Morehead State', 'N/A', 'W', '71', '68'], 6: ['Sat, Dec 12', '', 'N/A', 'W', '81', '60'], 7: ['Mon, Dec 14', 'Morehead State', 'N/A', 'L', '62', '75'], 8: ['Thu, Dec 17', '', 'N/A', 'W', '118', '54'], 9: ['Tue, Dec 22', 'High Point', 'N/A', 'W', '86', '67'], 10: ['Wed, Dec 30', 'Eastern Illinois', 'N/A', 'W', '69', '61'], 11: ['Sat, Jan 2', 'Austin Peay', 'N/A', 'W', '80', '75'], 12: ['Thu, Jan 7', 'Jacksonville State', 'N/A', 'W', '69', '66'], 13: ['Sat, Jan 9', 'Tennessee Tech', 'N/A', 'W', '90', '80'], 14: ['Sat, Jan 16', 'Eastern Illinois', 'N/A', 'W', '93', '85'], 15: ['Thu, Jan 21', 'UT Martin', 'N/A', 'W', '113', '73'], 16: ['Tue, Feb 2', 'Jacksonville State', 'N/A', 'W', '86', '82'], 17: ['Thu, Feb 4', 'Austin Peay', 'N/A', 'L', '79', '94'], 18: ['Sat, Feb 6', 'Murray State', 'N/A', 'L', '64', '76'], 19: ['Mon, Feb 8', 'SIU Edwardsville', 'N/A', 'W', '78', '74'], 20: ['Thu, Feb 11', 'Belmont', 'N/A', 'L', '74', '92'], 21: ['Sat, Feb 13', 'Tennessee State', 'N/A', 'W', '93', '73'], 22: ['Mon, Feb 15', 'Tennessee Tech', 'N/A', 'W', '83', '72'], 23: ['Thu, Feb 18', 'UT Martin', 'N/A', 'W', '89', '72'], 24: ['Sat, Feb 20', 'Southeast Missouri State', 'N/A', 'L', '72', '94'], 25: ['Mon, Feb 22', 'Southeast Missouri State', 'N/A', 'W', '87', '65'], 26: ['Thu, Feb 25', 'Belmont', 'N/A', 'W', '81', '67'], 27: ['Sat, Feb 27', 'Tennessee State', 'N/A', 'W', '89', '84'], 28: ['Thu, Mar 4', 'Austin Peay', 'N/A', 'W', '70', '67'], 29: ['Fri, Mar 5', 'Morehead State', 'N/A', 'L', '64', '67']}",0.45417219550641197
Jacksonville State,230,55,Gamecocks,18,9,0.6666666666666666,"{1: ['Wed, Nov 25', 'Alabama', 'N/A', 'L', '57', '81'], 2: ['Fri, Nov 27', 'Florida Atlantic', 'N/A', 'W', '60', '50'], 3: ['Sun, Nov 29', 'South Alabama', 'N/A', 'W', '77', '73'], 4: ['Mon, Nov 30', '', 'N/A', 'W', '85', '66'], 5: ['Fri, Dec 4', 'Florida International', 'N/A', 'L', '70', '74'], 6: ['Sun, Dec 13', 'Tennessee Tech', 'N/A', 'W', '73', '67'], 7: ['Wed, Dec 16', 'Tennessee Tech', 'N/A', 'W', '74', '50'], 8: ['Sun, Dec 27', 'College', 'N/A', 'W', '104', '45'], 9: ['Wed, Dec 30', 'UT Martin', 'N/A', 'W', '80', '70'], 10: ['Thu, Jan 7', 'Eastern Kentucky', 'N/A', 'L', '66', '69'], 11: ['Sat, Jan 9', 'Morehead State', 'N/A', 'L', '55', '56'], 12: ['Thu, Jan 14', 'Tennessee State', 'N/A', 'W', '65', '64'], 13: ['Sat, Jan 16', 'Belmont', 'N/A', 'L', '91', '98'], 14: ['Thu, Jan 21', 'Murray State', 'N/A', 'W', '85', '82'], 15: ['Sat, Jan 23', 'Austin Peay', 'N/A', 'W', '76', '70'], 16: ['Thu, Jan 28', 'Morehead State', 'N/A', 'L', '66', '85'], 17: ['Tue, Feb 2', 'Eastern Kentucky', 'N/A', 'L', '82', '86'], 18: ['Thu, Feb 4', 'UT Martin', 'N/A', 'W', '82', '70'], 19: ['Sat, Feb 6', 'Southeast Missouri State', 'N/A', 'W', '66', '54'], 20: ['Thu, Feb 11', 'Eastern Illinois', 'N/A', 'W', '76', '64'], 21: ['Sat, Feb 13', 'SIU Edwardsville', 'N/A', 'W', '80', '60'], 22: ['Thu, Feb 18', 'Belmont', 'N/A', 'L', '59', '63'], 23: ['Sat, Feb 20', 'Tennessee State', 'N/A', 'W', '77', '76'], 24: ['Thu, Feb 25', 'Murray State', 'N/A', 'W', '87', '74'], 25: ['Sat, Feb 27', 'Austin Peay', 'N/A', 'W', '75', '67'], 26: ['Thu, Mar 4', 'Murray State', 'N/A', 'W', '68', '65'], 27: ['Fri, Mar 5', 'Belmont', 'N/A', 'L', '69', '72']}",0.5173949120992697
Morehead State,231,2413,Eagles,23,8,0.7419354838709677,"{1: ['Fri, Mar 19', 'West Virginia', '3', 'L', '67', '84'], 2: ['Wed, Nov 25', 'Kentucky', '10', 'L', '45', '81'], 3: ['Fri, Nov 27', 'Richmond', 'N/A', 'L', '64', '82'], 4: ['Sun, Nov 29', 'Arkansas State', 'N/A', 'W', '69', '61'], 5: ['Wed, Dec 2', 'Ohio State', '23', 'L', '44', '77'], 6: ['Mon, Dec 7', 'Eastern Kentucky', 'N/A', 'L', '68', '71'], 7: ['Wed, Dec 9', '', 'N/A', 'W', '77', '55'], 8: ['Thu, Dec 10', '', 'N/A', 'W', '81', '55'], 9: ['Mon, Dec 14', 'Eastern Kentucky', 'N/A', 'W', '75', '62'], 10: ['Fri, Dec 18', 'SIU Edwardsville', 'N/A', 'L', '65', '69'], 11: ['Mon, Dec 21', 'Clemson', 'N/A', 'L', '51', '66'], 12: ['Sat, Jan 2', 'Murray State', 'N/A', 'W', '61', '56'], 13: ['Thu, Jan 7', 'Tennessee Tech', 'N/A', 'W', '57', '54'], 14: ['Sat, Jan 9', 'Jacksonville State', 'N/A', 'W', '56', '55'], 15: ['Thu, Jan 14', 'Eastern Illinois', 'N/A', 'W', '87', '61'], 16: ['Sat, Jan 16', 'Southeast Missouri State', 'N/A', 'W', '64', '50'], 17: ['Thu, Jan 21', 'Southeast Missouri State', 'N/A', 'W', '76', '65'], 18: ['Sat, Jan 23', 'UT Martin', 'N/A', 'W', '76', '44'], 19: ['Thu, Jan 28', 'Jacksonville State', 'N/A', 'W', '85', '66'], 20: ['Sat, Jan 30', 'Tennessee Tech', 'N/A', 'W', '74', '55'], 21: ['Thu, Feb 4', 'Murray State', 'N/A', 'W', '66', '56'], 22: ['Sat, Feb 6', 'Austin Peay', 'N/A', 'W', '75', '74'], 23: ['Thu, Feb 11', 'Tennessee State', 'N/A', 'W', '79', '66'], 24: ['Sat, Feb 13', 'Belmont', 'N/A', 'L', '58', '73'], 25: ['Sat, Feb 20', 'UT Martin', 'N/A', 'W', '79', '69'], 26: ['Mon, Feb 22', 'SIU Edwardsville', 'N/A', 'W', '56', '48'], 27: ['Thu, Feb 25', 'Tennessee State', 'N/A', 'W', '74', '60'], 28: ['Sat, Feb 27', 'Belmont', 'N/A', 'W', '89', '82'], 29: ['Wed, Mar 3', 'Southeast Missouri State', 'N/A', 'W', '61', '54'], 30: ['Fri, Mar 5', 'Eastern Kentucky', 'N/A', 'W', '67', '64'], 31: ['Sat, Mar 6', 'Belmont', 'N/A', 'W', '86', '71']}",0.5745653688851595
Murray State,232,93,Racers,13,13,0.5,"{1: ['Sun, Nov 29', '', 'N/A', 'W', '173', '95'], 2: ['Wed, Dec 2', 'Middle Tennessee', 'N/A', 'L', '61', '78'], 3: ['Sat, Dec 5', 'Illinois State', 'N/A', 'W', '76', '65'], 4: ['Tue, Dec 8', 'Austin Peay', 'N/A', 'W', '87', '57'], 5: ['Fri, Dec 11', 'Southern Illinois', 'N/A', 'L', '66', '70'], 6: ['Tue, Dec 15', '', 'N/A', 'W', '90', '49'], 7: ['Mon, Dec 21', 'Austin Peay', 'N/A', 'L', '70', '74'], 8: ['Wed, Dec 30', 'Belmont', 'N/A', 'L', '55', '68'], 9: ['Sat, Jan 2', 'Morehead State', 'N/A', 'L', '56', '61'], 10: ['Thu, Jan 7', 'Eastern Illinois', 'N/A', 'L', '68', '74'], 11: ['Sat, Jan 16', 'UT Martin', 'N/A', 'W', '79', '57'], 12: ['Thu, Jan 21', 'Jacksonville State', 'N/A', 'L', '82', '85'], 13: ['Sat, Jan 23', 'Tennessee Tech', 'N/A', 'W', '72', '63'], 14: ['Thu, Jan 28', 'Tennessee State', 'N/A', 'W', '73', '53'], 15: ['Sat, Jan 30', 'Belmont', 'N/A', 'L', '71', '72'], 16: ['Mon, Feb 1', 'Southeast Missouri State', 'N/A', 'W', '77', '60'], 17: ['Thu, Feb 4', 'Morehead State', 'N/A', 'L', '56', '66'], 18: ['Sat, Feb 6', 'Eastern Kentucky', 'N/A', 'W', '76', '64'], 19: ['Fri, Feb 12', 'Southeast Missouri State', 'N/A', 'W', '80', '60'], 20: ['Sat, Feb 13', 'UT Martin', 'N/A', 'W', '84', '55'], 21: ['Mon, Feb 15', 'SIU Edwardsville', 'N/A', 'W', '86', '57'], 22: ['Thu, Feb 18', 'Eastern Illinois', 'N/A', 'L', '59', '68'], 23: ['Sat, Feb 20', 'SIU Edwardsville', 'N/A', 'W', '89', '62'], 24: ['Thu, Feb 25', 'Jacksonville State', 'N/A', 'L', '74', '87'], 25: ['Sat, Feb 27', 'Tennessee Tech', 'N/A', 'L', '61', '71'], 26: ['Thu, Mar 4', 'Jacksonville State', 'N/A', 'L', '65', '68']}",0.4731887936649266
SIU Edwardsville,233,2565,Cougars,9,17,0.3461538461538461,"{1: ['Wed, Nov 25', 'Saint Louis', 'N/A', 'L', '52', '89'], 2: ['Thu, Nov 26', 'LSU', 'N/A', 'L', '81', '94'], 3: ['Sat, Nov 28', 'Louis Pharmacy', 'N/A', 'W', '80', '45'], 4: ['Wed, Dec 2', 'Northern Illinois', 'N/A', 'W', '73', '53'], 5: ['Sat, Dec 5', 'Omaha', 'N/A', 'L', '63', '65'], 6: ['Wed, Dec 9', 'Valparaiso', 'N/A', 'L', '58', '80'], 7: ['Fri, Dec 18', 'Morehead State', 'N/A', 'W', '69', '65'], 8: ['Thu, Jan 21', 'Tennessee State', 'N/A', 'W', '67', '65'], 9: ['Sat, Jan 23', 'Belmont', 'N/A', 'L', '62', '114'], 10: ['Tue, Jan 26', 'Eastern Illinois', 'N/A', 'W', '87', '74'], 11: ['Thu, Jan 28', 'Southeast Missouri State', 'N/A', 'L', '62', '64'], 12: ['Sat, Jan 30', 'UT Martin', 'N/A', 'W', '76', '60'], 13: ['Mon, Feb 1', 'Austin Peay', 'N/A', 'L', '59', '74'], 14: ['Tue, Feb 2', 'Eastern Illinois', 'N/A', 'L', '61', '70'], 15: ['Thu, Feb 4', 'Tennessee State', 'N/A', 'W', '68', '60'], 16: ['Sat, Feb 6', 'Belmont', 'N/A', 'L', '62', '94'], 17: ['Mon, Feb 8', 'Eastern Kentucky', 'N/A', 'L', '74', '78'], 18: ['Thu, Feb 11', 'Tennessee Tech', 'N/A', 'W', '81', '63'], 19: ['Sat, Feb 13', 'Jacksonville State', 'N/A', 'L', '60', '80'], 20: ['Mon, Feb 15', 'Murray State', 'N/A', 'L', '57', '86'], 21: ['Thu, Feb 18', 'Austin Peay', 'N/A', 'L', '57', '79'], 22: ['Sat, Feb 20', 'Murray State', 'N/A', 'L', '62', '89'], 23: ['Mon, Feb 22', 'Morehead State', 'N/A', 'L', '48', '56'], 24: ['Thu, Feb 25', 'UT Martin', 'N/A', 'W', '66', '53'], 25: ['Sat, Feb 27', 'Southeast Missouri State', 'N/A', 'L', '63', '69'], 26: ['Wed, Mar 3', 'Belmont', 'N/A', 'L', '61', '78']}",0.49150521882454895
Southeast Missouri State,234,2546,Redhawks,11,16,0.4074074074074074,"{1: ['Sat, Nov 28', 'UM Kansas City', 'N/A', 'W', '71', '66'], 2: ['Wed, Dec 2', 'Southern Illinois', 'N/A', 'L', '79', '87'], 3: ['Mon, Dec 7', 'Lipscomb', 'N/A', 'W', '82', '77'], 4: ['Wed, Dec 9', 'Lipscomb', 'N/A', 'L', '74', '80'], 5: ['Tue, Dec 15', 'Evansville', 'N/A', 'L', '63', '66'], 6: ['Fri, Dec 18', 'UT Martin', 'N/A', 'L', '67', '69'], 7: ['Tue, Dec 22', 'Indiana State', 'N/A', 'L', '66', '72'], 8: ['Wed, Dec 30', 'Tennessee Tech', 'N/A', 'L', '63', '72'], 9: ['Sat, Jan 2', 'Tennessee State', 'N/A', 'W', '83', '79'], 10: ['Thu, Jan 7', 'Belmont', 'N/A', 'L', '66', '77'], 11: ['Sat, Jan 16', 'Morehead State', 'N/A', 'L', '50', '64'], 12: ['Tue, Jan 19', 'Tennessee State', 'N/A', 'W', '63', '59'], 13: ['Thu, Jan 21', 'Morehead State', 'N/A', 'L', '65', '76'], 14: ['Tue, Jan 26', 'UT Martin', 'N/A', 'L', '66', '69'], 15: ['Thu, Jan 28', 'SIU Edwardsville', 'N/A', 'W', '64', '62'], 16: ['Sat, Jan 30', 'Eastern Illinois', 'N/A', 'W', '75', '44'], 17: ['Mon, Feb 1', 'Murray State', 'N/A', 'L', '60', '77'], 18: ['Thu, Feb 4', 'Tennessee Tech', 'N/A', 'W', '68', '64'], 19: ['Sat, Feb 6', 'Jacksonville State', 'N/A', 'L', '54', '66'], 20: ['Fri, Feb 12', 'Murray State', 'N/A', 'L', '60', '80'], 21: ['Sat, Feb 13', 'Austin Peay', 'N/A', 'L', '63', '78'], 22: ['Tue, Feb 16', 'Austin Peay', 'N/A', 'W', '86', '81'], 23: ['Sat, Feb 20', 'Eastern Kentucky', 'N/A', 'W', '94', '72'], 24: ['Mon, Feb 22', 'Eastern Kentucky', 'N/A', 'L', '65', '87'], 25: ['Thu, Feb 25', 'Eastern Illinois', 'N/A', 'W', '94', '88'], 26: ['Sat, Feb 27', 'SIU Edwardsville', 'N/A', 'W', '69', '63'], 27: ['Wed, Mar 3', 'Morehead State', 'N/A', 'L', '54', '61']}",0.48326809593497944
Tennessee State,235,2634,Tigers,4,19,0.17391304347826084,"{1: ['Tue, Dec 8', 'Belmont', 'N/A', 'L', '64', '79'], 2: ['Sat, Dec 12', 'IUPUI', 'N/A', 'L', '66', '69'], 3: ['Fri, Dec 18', 'Belmont', 'N/A', 'L', '63', '88'], 4: ['Sat, Dec 19', 'Ridge College', 'N/A', 'W', '90', '68'], 5: ['Tue, Dec 22', 'Chattanooga', 'N/A', 'L', '63', '66'], 6: ['Wed, Dec 30', 'Austin Peay', 'N/A', 'L', '59', '68'], 7: ['Sat, Jan 2', 'Southeast Missouri State', 'N/A', 'L', '79', '83'], 8: ['Thu, Jan 7', 'UT Martin', 'N/A', 'W', '74', '62'], 9: ['Thu, Jan 14', 'Jacksonville State', 'N/A', 'L', '64', '65'], 10: ['Sat, Jan 16', 'Tennessee Tech', 'N/A', 'L', '71', '74'], 11: ['Tue, Jan 19', 'Southeast Missouri State', 'N/A', 'L', '59', '63'], 12: ['Thu, Jan 21', 'SIU Edwardsville', 'N/A', 'L', '65', '67'], 13: ['Sat, Jan 23', 'Eastern Illinois', 'N/A', 'W', '65', '54'], 14: ['Thu, Jan 28', 'Murray State', 'N/A', 'L', '53', '73'], 15: ['Sat, Jan 30', 'Austin Peay', 'N/A', 'L', '56', '71'], 16: ['Thu, Feb 4', 'SIU Edwardsville', 'N/A', 'L', '60', '68'], 17: ['Sat, Feb 6', 'Eastern Illinois', 'N/A', 'L', '72', '86'], 18: ['Thu, Feb 11', 'Morehead State', 'N/A', 'L', '66', '79'], 19: ['Sat, Feb 13', 'Eastern Kentucky', 'N/A', 'L', '73', '93'], 20: ['Thu, Feb 18', 'Tennessee Tech', 'N/A', 'W', '91', '86'], 21: ['Sat, Feb 20', 'Jacksonville State', 'N/A', 'L', '76', '77'], 22: ['Thu, Feb 25', 'Morehead State', 'N/A', 'L', '60', '74'], 23: ['Sat, Feb 27', 'Eastern Kentucky', 'N/A', 'L', '84', '89']}",0.5281391393182271
Tennessee Tech,236,2635,Golden Eagles,5,22,0.1851851851851852,"{1: ['Wed, Nov 25', 'Indiana', 'N/A', 'L', '59', '89'], 2: ['Mon, Nov 30', 'Chattanooga', 'N/A', 'L', '54', '62'], 3: ['Wed, Dec 2', 'Xavier', 'N/A', 'L', '48', '79'], 4: ['Thu, Dec 3', 'Northern Kentucky', 'N/A', 'L', '65', '74'], 5: ['Sun, Dec 6', 'Western Carolina', 'N/A', 'L', '75', '76'], 6: ['Sun, Dec 13', 'Jacksonville State', 'N/A', 'L', '67', '73'], 7: ['Wed, Dec 16', 'Jacksonville State', 'N/A', 'L', '50', '74'], 8: ['Fri, Dec 18', 'Tennessee', '10', 'L', '49', '103'], 9: ['Tue, Dec 22', 'Western Kentucky', 'N/A', 'L', '68', '88'], 10: ['Wed, Dec 30', 'Southeast Missouri State', 'N/A', 'W', '72', '63'], 11: ['Sat, Jan 2', 'Eastern Illinois', 'N/A', 'L', '81', '87'], 12: ['Thu, Jan 7', 'Morehead State', 'N/A', 'L', '54', '57'], 13: ['Sat, Jan 9', 'Eastern Kentucky', 'N/A', 'L', '80', '90'], 14: ['Thu, Jan 14', 'Belmont', 'N/A', 'L', '67', '88'], 15: ['Sat, Jan 16', 'Tennessee State', 'N/A', 'W', '74', '71'], 16: ['Thu, Jan 21', 'Austin Peay', 'N/A', 'L', '69', '72'], 17: ['Sat, Jan 23', 'Murray State', 'N/A', 'L', '63', '72'], 18: ['Sat, Jan 30', 'Morehead State', 'N/A', 'L', '55', '74'], 19: ['Thu, Feb 4', 'Southeast Missouri State', 'N/A', 'L', '64', '68'], 20: ['Sat, Feb 6', 'UT Martin', 'N/A', 'L', '64', '66'], 21: ['Thu, Feb 11', 'SIU Edwardsville', 'N/A', 'L', '63', '81'], 22: ['Sat, Feb 13', 'Eastern Illinois', 'N/A', 'W', '80', '67'], 23: ['Mon, Feb 15', 'Eastern Kentucky', 'N/A', 'L', '72', '83'], 24: ['Thu, Feb 18', 'Tennessee State', 'N/A', 'L', '86', '91'], 25: ['Sat, Feb 20', 'Belmont', 'N/A', 'L', '66', '90'], 26: ['Thu, Feb 25', 'Austin Peay', 'N/A', 'W', '81', '76'], 27: ['Sat, Feb 27', 'Murray State', 'N/A', 'W', '71', '61']}",0.5724994306872223
UT Martin,237,2630,Skyhawks,8,16,0.3333333333333333,"{1: ['Wed, Dec 2', 'Evansville', 'N/A', 'W', '93', '87'], 2: ['Tue, Dec 15', '(TN)', 'N/A', 'W', '95', '60'], 3: ['Fri, Dec 18', 'Southeast Missouri State', 'N/A', 'W', '69', '67'], 4: ['Sun, Dec 20', 'Western Illinois', 'N/A', 'L', '63', '81'], 5: ['Tue, Dec 22', 'Ole Miss', 'N/A', 'L', '43', '90'], 6: ['Wed, Dec 30', 'Jacksonville State', 'N/A', 'L', '70', '80'], 7: ['Sat, Jan 2', 'Belmont', 'N/A', 'L', '69', '90'], 8: ['Thu, Jan 7', 'Tennessee State', 'N/A', 'L', '62', '74'], 9: ['Sat, Jan 9', 'Belmont', 'N/A', 'L', '69', '89'], 10: ['Sat, Jan 16', 'Murray State', 'N/A', 'L', '57', '79'], 11: ['Thu, Jan 21', 'Eastern Kentucky', 'N/A', 'L', '73', '113'], 12: ['Sat, Jan 23', 'Morehead State', 'N/A', 'L', '44', '76'], 13: ['Tue, Jan 26', 'Southeast Missouri State', 'N/A', 'W', '69', '66'], 14: ['Thu, Jan 28', 'Eastern Illinois', 'N/A', 'W', '51', '41'], 15: ['Sat, Jan 30', 'SIU Edwardsville', 'N/A', 'L', '60', '76'], 16: ['Thu, Feb 4', 'Jacksonville State', 'N/A', 'L', '70', '82'], 17: ['Sat, Feb 6', 'Tennessee Tech', 'N/A', 'W', '66', '64'], 18: ['Mon, Feb 8', 'Austin Peay', 'N/A', 'W', '76', '75'], 19: ['Thu, Feb 11', 'Austin Peay', 'N/A', 'L', '50', '71'], 20: ['Sat, Feb 13', 'Murray State', 'N/A', 'L', '55', '84'], 21: ['Thu, Feb 18', 'Eastern Kentucky', 'N/A', 'L', '72', '89'], 22: ['Sat, Feb 20', 'Morehead State', 'N/A', 'L', '69', '79'], 23: ['Thu, Feb 25', 'SIU Edwardsville', 'N/A', 'L', '53', '66'], 24: ['Sat, Feb 27', 'Eastern Illinois', 'N/A', 'W', '73', '68']}",0.5168397322964781
Arizona State,238,9,Sun Devils,11,14,0.44,"{1: ['Wed, Nov 25', 'Rhode Island', 'N/A', 'W', '94', '88'], 2: ['Thu, Nov 26', 'Villanova', '3', 'L', '74', '83'], 3: ['Sun, Nov 29', 'Houston Baptist', 'N/A', 'W', '100', '77'], 4: ['Thu, Dec 3', 'California', 'N/A', 'W', '70', '62'], 5: ['Thu, Dec 10', 'San Diego State', '24', 'L', '68', '80'], 6: ['Sun, Dec 13', 'Grand Canyon', 'N/A', 'W', '71', '70'], 7: ['Wed, Dec 16', 'UTEP', 'N/A', 'L', '63', '76'], 8: ['Thu, Jan 7', 'UCLA', 'N/A', 'L', '75', '81'], 9: ['Sat, Jan 9', 'USC', 'N/A', 'L', '64', '73'], 10: ['Sat, Jan 16', 'Oregon State', 'N/A', 'L', '79', '80'], 11: ['Thu, Jan 21', 'Arizona', 'N/A', 'L', '82', '84'], 12: ['Mon, Jan 25', 'Arizona', 'N/A', 'L', '67', '80'], 13: ['Thu, Jan 28', 'California', 'N/A', 'W', '72', '68'], 14: ['Sat, Jan 30', 'Stanford', 'N/A', 'W', '79', '75'], 15: ['Thu, Feb 11', 'Oregon', 'N/A', 'L', '64', '75'], 16: ['Sun, Feb 14', 'Oregon State', 'N/A', 'W', '75', '73'], 17: ['Wed, Feb 17', 'USC', '17', 'L', '71', '89'], 18: ['Sat, Feb 20', 'UCLA', 'N/A', 'L', '79', '80'], 19: ['Tue, Feb 23', 'Washington', 'N/A', 'W', '97', '64'], 20: ['Thu, Feb 25', 'Washington', 'N/A', 'W', '80', '72'], 21: ['Sat, Feb 27', 'Washington State', 'N/A', 'W', '77', '74'], 22: ['Thu, Mar 4', 'Colorado', '24', 'L', '61', '75'], 23: ['Sat, Mar 6', 'Utah', 'N/A', 'L', '59', '98'], 24: ['Wed, Mar 10', 'Washington State', 'N/A', 'W', '64', '59'], 25: ['Thu, Mar 11', 'Oregon', 'N/A', 'L', '73', '91']}",0.6291764988993156
Arizona,239,12,Wildcats,17,9,0.6538461538461539,"{1: ['Fri, Nov 27', 'Grambling', 'N/A', 'W', '74', '55'], 2: ['Sat, Dec 5', 'Eastern Washington', 'N/A', 'W', '70', '67'], 3: ['Mon, Dec 7', 'Northern Arizona', 'N/A', 'W', '96', '53'], 4: ['Wed, Dec 9', 'CSU Bakersfield', 'N/A', 'W', '85', '60'], 5: ['Sat, Dec 12', 'UTEP', 'N/A', 'W', '69', '61'], 6: ['Sat, Dec 19', 'Stanford', 'N/A', 'L', '75', '78'], 7: ['Tue, Dec 22', 'Montana', 'N/A', 'W', '70', '64'], 8: ['Mon, Dec 28', 'Colorado', 'N/A', 'W', '88', '74'], 9: ['Thu, Dec 31', 'Washington', 'N/A', 'W', '80', '53'], 10: ['Sat, Jan 2', 'Washington State', 'N/A', 'W', '86', '82'], 11: ['Thu, Jan 7', 'USC', 'N/A', 'L', '73', '87'], 12: ['Sat, Jan 9', 'UCLA', 'N/A', 'L', '76', '81'], 13: ['Thu, Jan 14', 'Oregon State', 'N/A', 'W', '98', '64'], 14: ['Thu, Jan 21', 'Arizona State', 'N/A', 'W', '84', '82'], 15: ['Mon, Jan 25', 'Arizona State', 'N/A', 'W', '80', '67'], 16: ['Thu, Jan 28', 'Stanford', 'N/A', 'L', '64', '73'], 17: ['Sat, Jan 30', 'California', 'N/A', 'W', '71', '50'], 18: ['Thu, Feb 4', 'Utah', 'N/A', 'L', '58', '73'], 19: ['Sat, Feb 6', 'Colorado', 'N/A', 'L', '79', '82'], 20: ['Thu, Feb 11', 'Oregon State', 'N/A', 'W', '70', '61'], 21: ['Sat, Feb 13', 'Oregon', 'N/A', 'L', '61', '63'], 22: ['Thu, Feb 18', 'UCLA', 'N/A', 'L', '60', '74'], 23: ['Sat, Feb 20', 'USC', '17', 'W', '81', '72'], 24: ['Thu, Feb 25', 'Washington State', 'N/A', 'W', '69', '53'], 25: ['Sat, Feb 27', 'Washington', 'N/A', 'W', '75', '74'], 26: ['Mon, Mar 1', 'Oregon', 'N/A', 'L', '69', '80']}",0.5656526270031019
California,240,25,Golden Bears,9,20,0.3103448275862069,"{1: ['Wed, Nov 25', 'Oregon State', 'N/A', 'L', '63', '71'], 2: ['Thu, Nov 26', 'University', 'N/A', 'W', '86', '61'], 3: ['Mon, Nov 30', 'Nicholls', 'N/A', 'W', '60', '49'], 4: ['Thu, Dec 3', 'Arizona State', '25', 'L', '62', '70'], 5: ['Sun, Dec 6', 'UCLA', 'N/A', 'L', '56', '76'], 6: ['Wed, Dec 9', 'Pepperdine', 'N/A', 'L', '62', '74'], 7: ['Sun, Dec 13', 'San Francisco', 'N/A', 'W', '72', '70'], 8: ['Sat, Dec 19', 'CSU Northridge', 'N/A', 'W', '87', '56'], 9: ['Tue, Dec 22', 'Seattle U', 'N/A', 'W', '70', '65'], 10: ['Thu, Dec 31', 'Oregon', '21', 'L', '69', '82'], 11: ['Sat, Jan 2', 'Oregon State', 'N/A', 'L', '64', '73'], 12: ['Thu, Jan 7', 'Washington State', 'N/A', 'L', '60', '71'], 13: ['Sat, Jan 9', 'Washington', 'N/A', 'W', '84', '78'], 14: ['Thu, Jan 14', 'Colorado', 'N/A', 'L', '60', '89'], 15: ['Sat, Jan 16', 'Utah', 'N/A', 'W', '72', '63'], 16: ['Thu, Jan 21', 'UCLA', '24', 'L', '57', '61'], 17: ['Sat, Jan 23', 'USC', 'N/A', 'L', '68', '76'], 18: ['Thu, Jan 28', 'Arizona State', 'N/A', 'L', '68', '72'], 19: ['Sat, Jan 30', 'Arizona', 'N/A', 'L', '50', '71'], 20: ['Thu, Feb 4', 'Stanford', 'N/A', 'L', '55', '70'], 21: ['Sun, Feb 7', 'Stanford', 'N/A', 'L', '70', '76'], 22: ['Thu, Feb 11', 'Utah', 'N/A', 'L', '75', '76'], 23: ['Sat, Feb 13', 'Colorado', 'N/A', 'W', '71', '62'], 24: ['Thu, Feb 18', 'Washington State', 'N/A', 'L', '51', '82'], 25: ['Sat, Feb 20', 'Washington', 'N/A', 'L', '51', '62'], 26: ['Thu, Feb 25', 'Oregon State', 'N/A', 'L', '57', '59'], 27: ['Sat, Feb 27', 'Oregon', 'N/A', 'L', '63', '74'], 28: ['Wed, Mar 10', 'Stanford', 'N/A', 'W', '76', '58'], 29: ['Thu, Mar 11', 'Colorado', '23', 'L', '58', '61']}",0.5803948464842074
Colorado,241,38,Buffaloes,23,8,0.7419354838709677,"{1: ['Sat, Mar 20', 'Georgetown', '12', 'W', '96', '73'], 2: ['Wed, Nov 25', 'South Dakota', 'N/A', 'W', '84', '61'], 3: ['Fri, Nov 27', 'Kansas State', 'N/A', 'W', '76', '58'], 4: ['Tue, Dec 8', 'Tennessee', '12', 'L', '47', '56'], 5: ['Mon, Dec 14', 'Northern Colorado', 'N/A', 'W', '81', '45'], 6: ['Wed, Dec 16', 'Omaha', 'N/A', 'W', '91', '49'], 7: ['Sun, Dec 20', 'Washington', 'N/A', 'W', '92', '69'], 8: ['Tue, Dec 22', 'Grand Canyon', 'N/A', 'W', '74', '64'], 9: ['Mon, Dec 28', 'Arizona', 'N/A', 'L', '74', '88'], 10: ['Thu, Dec 31', 'USC', 'N/A', 'W', '72', '62'], 11: ['Sat, Jan 2', 'UCLA', 'N/A', 'L', '62', '65'], 12: ['Thu, Jan 7', 'Oregon', '17', 'W', '79', '72'], 13: ['Mon, Jan 11', 'Utah', 'N/A', 'W', '65', '58'], 14: ['Thu, Jan 14', 'California', 'N/A', 'W', '89', '60'], 15: ['Sat, Jan 16', 'Stanford', 'N/A', 'W', '77', '64'], 16: ['Wed, Jan 20', 'Washington', 'N/A', 'L', '80', '84'], 17: ['Sat, Jan 23', 'Washington State', 'N/A', 'W', '70', '59'], 18: ['Wed, Jan 27', 'Washington State', 'N/A', 'W', '70', '58'], 19: ['Sat, Jan 30', 'Utah', 'N/A', 'L', '74', '77'], 20: ['Sat, Feb 6', 'Arizona', 'N/A', 'W', '82', '79'], 21: ['Mon, Feb 8', 'Oregon State', 'N/A', 'W', '78', '49'], 22: ['Thu, Feb 11', 'Stanford', 'N/A', 'W', '69', '51'], 23: ['Sat, Feb 13', 'California', 'N/A', 'L', '62', '71'], 24: ['Thu, Feb 18', 'Oregon', 'N/A', 'L', '56', '60'], 25: ['Sat, Feb 20', 'Oregon State', 'N/A', 'W', '61', '57'], 26: ['Thu, Feb 25', 'USC', '19', 'W', '80', '62'], 27: ['Sat, Feb 27', 'UCLA', 'N/A', 'W', '70', '61'], 28: ['Thu, Mar 4', 'Arizona State', 'N/A', 'W', '75', '61'], 29: ['Thu, Mar 11', 'California', 'N/A', 'W', '61', '58'], 30: ['Fri, Mar 12', 'USC', '24', 'W', '72', '70'], 31: ['Sat, Mar 13', 'Oregon State', 'N/A', 'L', '68', '70']}",0.5993374028846777
Oregon,242,2483,Ducks,21,6,0.7777777777777778,"{1: ['Sat, Mar 20', 'VCU', '10', 'W', '', ''], 2: ['Wed, Dec 2', 'Missouri', 'N/A', 'L', '75', '83'], 3: ['Fri, Dec 4', 'Seton Hall', 'N/A', 'W', '83', '70'], 4: ['Mon, Dec 7', 'Eastern Washington', 'N/A', 'W', '69', '52'], 5: ['Wed, Dec 9', 'Florida A&M', 'N/A', 'W', '87', '66'], 6: ['Sat, Dec 12', 'Washington', 'N/A', 'W', '74', '71'], 7: ['Thu, Dec 17', 'San Francisco', 'N/A', 'W', '74', '64'], 8: ['Sat, Dec 19', 'Portland', 'N/A', 'W', '80', '41'], 9: ['Thu, Dec 31', 'California', 'N/A', 'W', '82', '69'], 10: ['Sat, Jan 2', 'Stanford', 'N/A', 'W', '73', '56'], 11: ['Thu, Jan 7', 'Colorado', 'N/A', 'L', '72', '79'], 12: ['Sat, Jan 9', 'Utah', 'N/A', 'W', '79', '73'], 13: ['Sat, Jan 23', 'Oregon State', 'N/A', 'L', '64', '75'], 14: ['Thu, Feb 4', 'Washington State', 'N/A', 'L', '71', '74'], 15: ['Sat, Feb 6', 'Washington', 'N/A', 'W', '86', '74'], 16: ['Thu, Feb 11', 'Arizona State', 'N/A', 'W', '75', '64'], 17: ['Sat, Feb 13', 'Arizona', 'N/A', 'W', '63', '61'], 18: ['Thu, Feb 18', 'Colorado', 'N/A', 'W', '60', '56'], 19: ['Sat, Feb 20', 'Utah', 'N/A', 'W', '67', '64'], 20: ['Mon, Feb 22', 'USC', '19', 'L', '58', '72'], 21: ['Thu, Feb 25', 'Stanford', 'N/A', 'W', '71', '68'], 22: ['Sat, Feb 27', 'California', 'N/A', 'W', '74', '63'], 23: ['Mon, Mar 1', 'Arizona', 'N/A', 'W', '80', '69'], 24: ['Wed, Mar 3', 'UCLA', 'N/A', 'W', '82', '74'], 25: ['Sun, Mar 7', 'Oregon State', 'N/A', 'W', '80', '67'], 26: ['Thu, Mar 11', 'Arizona State', 'N/A', 'W', '91', '73'], 27: ['Fri, Mar 12', 'Oregon State', 'N/A', 'L', '64', '75']}",0.5258440789346068
Oregon State,243,204,Beavers,18,12,0.6,"{1: ['Fri, Mar 19', 'Tennessee', '5', 'W', '70', '56'], 2: ['Wed, Nov 25', 'California', 'N/A', 'W', '71', '63'], 3: ['Fri, Nov 27', 'University', 'N/A', 'W', '114', '42'], 4: ['Wed, Dec 2', 'Washington State', 'N/A', 'L', '55', '59'], 5: ['Sun, Dec 6', 'Wyoming', 'N/A', 'L', '73', '76'], 6: ['Thu, Dec 10', 'Portland', 'N/A', 'L', '86', '87'], 7: ['Wed, Dec 16', 'UTSA', 'N/A', 'W', '73', '61'], 8: ['Tue, Dec 22', 'Portland State', 'N/A', 'W', '67', '62'], 9: ['Sat, Jan 2', 'California', 'N/A', 'W', '73', '64'], 10: ['Mon, Jan 4', 'Stanford', 'N/A', 'L', '71', '81'], 11: ['Thu, Jan 14', 'Arizona', 'N/A', 'L', '64', '98'], 12: ['Sat, Jan 16', 'Arizona State', 'N/A', 'W', '80', '79'], 13: ['Tue, Jan 19', 'USC', 'N/A', 'W', '58', '56'], 14: ['Sat, Jan 23', 'Oregon', '21', 'W', '75', '64'], 15: ['Thu, Jan 28', 'USC', 'N/A', 'L', '62', '75'], 16: ['Sat, Jan 30', 'UCLA', '23', 'L', '52', '57'], 17: ['Thu, Feb 4', 'Washington', 'N/A', 'W', '91', '71'], 18: ['Sat, Feb 6', 'Washington State', 'N/A', 'W', '68', '66'], 19: ['Mon, Feb 8', 'Colorado', 'N/A', 'L', '49', '78'], 20: ['Thu, Feb 11', 'Arizona', 'N/A', 'L', '61', '70'], 21: ['Sun, Feb 14', 'Arizona State', 'N/A', 'L', '73', '75'], 22: ['Thu, Feb 18', 'Utah', 'N/A', 'W', '74', '56'], 23: ['Sat, Feb 20', 'Colorado', 'N/A', 'L', '57', '61'], 24: ['Thu, Feb 25', 'California', 'N/A', 'W', '59', '57'], 25: ['Sat, Feb 27', 'Stanford', 'N/A', 'W', '73', '62'], 26: ['Wed, Mar 3', 'Utah', 'N/A', 'W', '75', '70'], 27: ['Sun, Mar 7', 'Oregon', 'N/A', 'L', '67', '80'], 28: ['Thu, Mar 11', 'UCLA', 'N/A', 'W', '83', '79'], 29: ['Fri, Mar 12', 'Oregon', 'N/A', 'W', '75', '64'], 30: ['Sat, Mar 13', 'Colorado', '23', 'W', '70', '68']}",0.610383430022416
Stanford,244,24,Cardinal,14,13,0.5185185185185185,"{1: ['Mon, Nov 30', 'Alabama', 'N/A', 'W', '82', '64'], 2: ['Tue, Dec 1', 'North Carolina', '14', 'L', '63', '67'], 3: ['Wed, Dec 2', 'Indiana', 'N/A', 'L', '63', '79'], 4: ['Sun, Dec 6', 'North Carolina A&T', 'N/A', 'W', '78', '46'], 5: ['Tue, Dec 15', 'CSU Northridge', 'N/A', 'W', '82', '71'], 6: ['Sat, Dec 19', 'Arizona', 'N/A', 'W', '78', '75'], 7: ['Mon, Dec 21', 'CSU Bakersfield', 'N/A', 'W', '63', '50'], 8: ['Sat, Jan 2', 'Oregon', '21', 'L', '56', '73'], 9: ['Mon, Jan 4', 'Oregon State', 'N/A', 'W', '81', '71'], 10: ['Thu, Jan 7', 'Washington', 'N/A', 'W', '91', '75'], 11: ['Sat, Jan 9', 'Washington State', 'N/A', 'W', '75', '60'], 12: ['Thu, Jan 14', 'Utah', 'N/A', 'L', '65', '79'], 13: ['Sat, Jan 16', 'Colorado', 'N/A', 'L', '64', '77'], 14: ['Sat, Jan 23', 'UCLA', '24', 'W', '73', '72'], 15: ['Thu, Jan 28', 'Arizona', 'N/A', 'W', '73', '64'], 16: ['Sat, Jan 30', 'Arizona State', 'N/A', 'L', '75', '79'], 17: ['Tue, Feb 2', 'USC', 'N/A', 'L', '66', '72'], 18: ['Thu, Feb 4', 'California', 'N/A', 'W', '70', '55'], 19: ['Sun, Feb 7', 'California', 'N/A', 'W', '76', '70'], 20: ['Thu, Feb 11', 'Colorado', 'N/A', 'L', '51', '69'], 21: ['Sat, Feb 13', 'Utah', 'N/A', 'W', '73', '66'], 22: ['Thu, Feb 18', 'Washington', 'N/A', 'W', '79', '61'], 23: ['Sat, Feb 20', 'Washington State', 'N/A', 'L', '76', '85'], 24: ['Thu, Feb 25', 'Oregon', 'N/A', 'L', '68', '71'], 25: ['Sat, Feb 27', 'Oregon State', 'N/A', 'L', '62', '73'], 26: ['Wed, Mar 3', 'USC', 'N/A', 'L', '42', '79'], 27: ['Wed, Mar 10', 'California', 'N/A', 'L', '58', '76']}",0.5816781554014694
UCLA,245,26,Bruins,19,9,0.6785714285714286,"{1: ['Thu, Mar 18', 'Michigan State', '11', 'W', '86', '80'], 2: ['Sat, Mar 20', 'BYU', '6', 'W', '73', '62'], 3: ['Wed, Nov 25', 'San Diego State', 'N/A', 'L', '58', '73'], 4: ['Fri, Nov 27', 'Pepperdine', 'N/A', 'W', '107', '98'], 5: ['Thu, Dec 3', 'Seattle U', 'N/A', 'W', '78', '52'], 6: ['Sun, Dec 6', 'California', 'N/A', 'W', '76', '56'], 7: ['Wed, Dec 9', 'San Diego', 'N/A', 'W', '83', '56'], 8: ['Fri, Dec 11', 'Marquette', 'N/A', 'W', '69', '60'], 9: ['Sat, Dec 19', 'Ohio State', '20', 'L', '70', '77'], 10: ['Thu, Dec 31', 'Utah', 'N/A', 'W', '72', '70'], 11: ['Sat, Jan 2', 'Colorado', 'N/A', 'W', '65', '62'], 12: ['Thu, Jan 7', 'Arizona State', 'N/A', 'W', '81', '75'], 13: ['Sat, Jan 9', 'Arizona', 'N/A', 'W', '81', '76'], 14: ['Thu, Jan 14', 'Washington State', 'N/A', 'W', '91', '61'], 15: ['Sat, Jan 16', 'Washington', 'N/A', 'W', '81', '76'], 16: ['Thu, Jan 21', 'California', 'N/A', 'W', '61', '57'], 17: ['Sat, Jan 23', 'Stanford', 'N/A', 'L', '72', '73'], 18: ['Sat, Jan 30', 'Oregon State', 'N/A', 'W', '57', '52'], 19: ['Sat, Feb 6', 'USC', 'N/A', 'L', '48', '66'], 20: ['Thu, Feb 11', 'Washington State', 'N/A', 'L', '73', '81'], 21: ['Sat, Feb 13', 'Washington', 'N/A', 'W', '64', '61'], 22: ['Thu, Feb 18', 'Arizona', 'N/A', 'W', '74', '60'], 23: ['Sat, Feb 20', 'Arizona State', 'N/A', 'W', '80', '79'], 24: ['Thu, Feb 25', 'Utah', 'N/A', 'W', '76', '61'], 25: ['Sat, Feb 27', 'Colorado', 'N/A', 'L', '61', '70'], 26: ['Wed, Mar 3', 'Oregon', 'N/A', 'L', '74', '82'], 27: ['Sat, Mar 6', 'USC', 'N/A', 'L', '63', '64'], 28: ['Thu, Mar 11', 'Oregon State', 'N/A', 'L', '79', '83']}",0.6071551521718926
USC,246,30,Trojans,23,7,0.7666666666666667,"{1: ['Sat, Mar 20', 'Drake', '11', 'W', '72', '56'], 2: ['Wed, Nov 25', 'California Baptist', 'N/A', 'W', '95', '87'], 3: ['Sat, Nov 28', 'Montana', 'N/A', 'W', '76', '62'], 4: ['Tue, Dec 1', 'BYU', 'N/A', 'W', '79', '53'], 5: ['Thu, Dec 3', 'UConn', 'N/A', 'L', '58', '61'], 6: ['Tue, Dec 8', 'UC Irvine', 'N/A', 'W', '91', '56'], 7: ['Tue, Dec 29', 'Santa Clara', 'N/A', 'W', '86', '63'], 8: ['Thu, Dec 31', 'Colorado', 'N/A', 'L', '62', '72'], 9: ['Sat, Jan 2', 'Utah', 'N/A', 'W', '64', '46'], 10: ['Thu, Jan 7', 'Arizona', 'N/A', 'W', '87', '73'], 11: ['Sat, Jan 9', 'Arizona State', 'N/A', 'W', '73', '64'], 12: ['Tue, Jan 12', 'UC Riverside', 'N/A', 'W', '67', '62'], 13: ['Thu, Jan 14', 'Washington', 'N/A', 'W', '95', '68'], 14: ['Sat, Jan 16', 'Washington State', 'N/A', 'W', '85', '77'], 15: ['Tue, Jan 19', 'Oregon State', 'N/A', 'L', '56', '58'], 16: ['Sat, Jan 23', 'California', 'N/A', 'W', '76', '68'], 17: ['Thu, Jan 28', 'Oregon State', 'N/A', 'W', '75', '62'], 18: ['Tue, Feb 2', 'Stanford', 'N/A', 'W', '72', '66'], 19: ['Sat, Feb 6', 'UCLA', '21', 'W', '66', '48'], 20: ['Thu, Feb 11', 'Washington', 'N/A', 'W', '69', '54'], 21: ['Sat, Feb 13', 'Washington State', 'N/A', 'W', '76', '65'], 22: ['Wed, Feb 17', 'Arizona State', 'N/A', 'W', '89', '71'], 23: ['Sat, Feb 20', 'Arizona', 'N/A', 'L', '72', '81'], 24: ['Mon, Feb 22', 'Oregon', 'N/A', 'W', '72', '58'], 25: ['Thu, Feb 25', 'Colorado', 'N/A', 'L', '62', '80'], 26: ['Sat, Feb 27', 'Utah', 'N/A', 'L', '61', '71'], 27: ['Wed, Mar 3', 'Stanford', 'N/A', 'W', '79', '42'], 28: ['Sat, Mar 6', 'UCLA', 'N/A', 'W', '64', '63'], 29: ['Thu, Mar 11', 'Utah', 'N/A', 'W', '91', '85'], 30: ['Fri, Mar 12', 'Colorado', '23', 'L', '70', '72']}",0.6068346663918008
Utah,247,254,Utes,12,13,0.48,"{1: ['Thu, Dec 3', 'Washington', 'N/A', 'W', '76', '62'], 2: ['Tue, Dec 8', 'Idaho State', 'N/A', 'W', '75', '59'], 3: ['Sat, Dec 12', 'BYU', 'N/A', 'L', '64', '82'], 4: ['Tue, Dec 15', 'Utah Valley', 'N/A', 'W', '75', '67'], 5: ['Fri, Dec 18', 'Idaho', 'N/A', 'W', '79', '41'], 6: ['Thu, Dec 31', 'UCLA', 'N/A', 'L', '70', '72'], 7: ['Sat, Jan 2', 'USC', 'N/A', 'L', '46', '64'], 8: ['Sat, Jan 9', 'Oregon', '17', 'L', '73', '79'], 9: ['Mon, Jan 11', 'Colorado', 'N/A', 'L', '58', '65'], 10: ['Thu, Jan 14', 'Stanford', 'N/A', 'W', '79', '65'], 11: ['Sat, Jan 16', 'California', 'N/A', 'L', '63', '72'], 12: ['Thu, Jan 21', 'Washington State', 'N/A', 'W', '71', '56'], 13: ['Sun, Jan 24', 'Washington', 'N/A', 'L', '79', '83'], 14: ['Sat, Jan 30', 'Colorado', 'N/A', 'W', '77', '74'], 15: ['Thu, Feb 4', 'Arizona', 'N/A', 'W', '73', '58'], 16: ['Thu, Feb 11', 'California', 'N/A', 'W', '76', '75'], 17: ['Sat, Feb 13', 'Stanford', 'N/A', 'L', '66', '73'], 18: ['Thu, Feb 18', 'Oregon State', 'N/A', 'L', '56', '74'], 19: ['Sat, Feb 20', 'Oregon', 'N/A', 'L', '64', '67'], 20: ['Thu, Feb 25', 'UCLA', 'N/A', 'L', '61', '76'], 21: ['Sat, Feb 27', 'USC', '19', 'W', '71', '61'], 22: ['Wed, Mar 3', 'Oregon State', 'N/A', 'L', '70', '75'], 23: ['Sat, Mar 6', 'Arizona State', 'N/A', 'W', '98', '59'], 24: ['Wed, Mar 10', 'Washington', 'N/A', 'W', '98', '95'], 25: ['Thu, Mar 11', 'USC', '24', 'L', '85', '91']}",0.5745378309919801
Washington,248,264,Huskies,5,21,0.19230769230769232,"{1: ['Sun, Nov 29', 'Baylor', '2', 'L', '52', '86'], 2: ['Tue, Dec 1', 'UC Riverside', 'N/A', 'L', '42', '57'], 3: ['Thu, Dec 3', 'Utah', 'N/A', 'L', '62', '76'], 4: ['Wed, Dec 9', 'Seattle U', 'N/A', 'W', '73', '41'], 5: ['Sat, Dec 12', 'Oregon', 'N/A', 'L', '71', '74'], 6: ['Wed, Dec 16', 'Montana', 'N/A', 'L', '58', '66'], 7: ['Sun, Dec 20', 'Colorado', 'N/A', 'L', '69', '92'], 8: ['Thu, Dec 31', 'Arizona', 'N/A', 'L', '53', '80'], 9: ['Thu, Jan 7', 'Stanford', 'N/A', 'L', '75', '91'], 10: ['Sat, Jan 9', 'California', 'N/A', 'L', '78', '84'], 11: ['Thu, Jan 14', 'USC', 'N/A', 'L', '68', '95'], 12: ['Sat, Jan 16', 'UCLA', 'N/A', 'L', '76', '81'], 13: ['Wed, Jan 20', 'Colorado', 'N/A', 'W', '84', '80'], 14: ['Sun, Jan 24', 'Utah', 'N/A', 'W', '83', '79'], 15: ['Sun, Jan 31', 'Washington State', 'N/A', 'L', '62', '77'], 16: ['Thu, Feb 4', 'Oregon State', 'N/A', 'L', '71', '91'], 17: ['Sat, Feb 6', 'Oregon', 'N/A', 'L', '74', '86'], 18: ['Thu, Feb 11', 'USC', '20', 'L', '54', '69'], 19: ['Sat, Feb 13', 'UCLA', 'N/A', 'L', '61', '64'], 20: ['Mon, Feb 15', 'Washington State', 'N/A', 'W', '65', '63'], 21: ['Thu, Feb 18', 'Stanford', 'N/A', 'L', '61', '79'], 22: ['Sat, Feb 20', 'California', 'N/A', 'W', '62', '51'], 23: ['Tue, Feb 23', 'Arizona State', 'N/A', 'L', '64', '97'], 24: ['Thu, Feb 25', 'Arizona State', 'N/A', 'L', '72', '80'], 25: ['Sat, Feb 27', 'Arizona', 'N/A', 'L', '74', '75'], 26: ['Wed, Mar 10', 'Utah', 'N/A', 'L', '95', '98']}",0.6457404894731581
Washington State,249,265,Cougars,14,13,0.5185185185185185,"{1: ['Wed, Nov 25', 'Texas Southern', 'N/A', 'W', '56', '52'], 2: ['Sat, Nov 28', 'Eastern Washington', 'N/A', 'W', '71', '68'], 3: ['Wed, Dec 2', 'Oregon State', 'N/A', 'W', '59', '55'], 4: ['Wed, Dec 9', 'Idaho', 'N/A', 'W', '61', '58'], 5: ['Sun, Dec 13', 'Portland State', 'N/A', 'W', '69', '60'], 6: ['Fri, Dec 18', 'Montana State', 'N/A', 'W', '82', '54'], 7: ['Mon, Dec 21', 'Prairie View A&M', 'N/A', 'W', '90', '62'], 8: ['Wed, Dec 23', 'Northwestern State', 'N/A', 'W', '62', '52'], 9: ['Sat, Jan 2', 'Arizona', 'N/A', 'L', '82', '86'], 10: ['Thu, Jan 7', 'California', 'N/A', 'W', '71', '60'], 11: ['Sat, Jan 9', 'Stanford', 'N/A', 'L', '60', '75'], 12: ['Thu, Jan 14', 'UCLA', 'N/A', 'L', '61', '91'], 13: ['Sat, Jan 16', 'USC', 'N/A', 'L', '77', '85'], 14: ['Thu, Jan 21', 'Utah', 'N/A', 'L', '56', '71'], 15: ['Sat, Jan 23', 'Colorado', 'N/A', 'L', '59', '70'], 16: ['Wed, Jan 27', 'Colorado', 'N/A', 'L', '58', '70'], 17: ['Sun, Jan 31', 'Washington', 'N/A', 'W', '77', '62'], 18: ['Thu, Feb 4', 'Oregon', 'N/A', 'W', '74', '71'], 19: ['Sat, Feb 6', 'Oregon State', 'N/A', 'L', '66', '68'], 20: ['Thu, Feb 11', 'UCLA', 'N/A', 'W', '81', '73'], 21: ['Sat, Feb 13', 'USC', '20', 'L', '65', '76'], 22: ['Mon, Feb 15', 'Washington', 'N/A', 'L', '63', '65'], 23: ['Thu, Feb 18', 'California', 'N/A', 'W', '82', '51'], 24: ['Sat, Feb 20', 'Stanford', 'N/A', 'W', '85', '76'], 25: ['Thu, Feb 25', 'Arizona', 'N/A', 'L', '53', '69'], 26: ['Sat, Feb 27', 'Arizona State', 'N/A', 'L', '74', '77'], 27: ['Wed, Mar 10', 'Arizona State', 'N/A', 'L', '59', '64']}",0.5484314849484451
American,250,44,Eagles,4,6,0.4,"{1: ['Sat, Jan 16', 'Navy', 'N/A', 'L', '86', '87'], 2: ['Sun, Jan 17', 'Navy', 'N/A', 'L', '59', '71'], 3: ['Sat, Jan 23', 'Loyola (MD)', 'N/A', 'W', '71', '70'], 4: ['Sun, Jan 24', 'Loyola (MD)', 'N/A', 'W', '81', '79'], 5: ['Sat, Feb 20', 'Navy', 'N/A', 'L', '60', '72'], 6: ['Sun, Feb 21', 'Navy', 'N/A', 'L', '60', '69'], 7: ['Wed, Feb 24', 'Loyola (MD)', 'N/A', 'L', '49', '60'], 8: ['Sat, Feb 27', 'Bucknell', 'N/A', 'W', '78', '71'], 9: ['Sun, Feb 28', 'Bucknell', 'N/A', 'W', '81', '68'], 10: ['Sat, Mar 6', 'Army', 'N/A', 'L', '66', '89']}",0.5796918767507002
Army,251,349,Black Knights,12,9,0.5714285714285714,"{1: ['Wed, Nov 25', 'Merchant Marine Academy', 'N/A', 'W', '93', '32'], 2: ['Fri, Nov 27', 'Central Connecticut', 'N/A', 'W', '79', '57'], 3: ['Sat, Nov 28', 'Buffalo', 'N/A', 'W', '78', '74'], 4: ['Wed, Dec 2', 'Florida', 'N/A', 'L', '69', '76'], 5: ['Sun, Dec 6', 'La Salle', 'N/A', 'W', '63', '59'], 6: ['Sat, Jan 2', 'Colgate', 'N/A', 'L', '57', '101'], 7: ['Sun, Jan 3', 'Colgate', 'N/A', 'W', '75', '73'], 8: ['Sat, Jan 9', 'Holy Cross', 'N/A', 'W', '83', '68'], 9: ['Sun, Jan 10', 'Holy Cross', 'N/A', 'L', '61', '70'], 10: ['Sat, Jan 16', 'Boston University', 'N/A', 'W', '79', '59'], 11: ['Sun, Jan 17', 'Boston University', 'N/A', 'W', '76', '65'], 12: ['Sat, Jan 23', 'Navy', 'N/A', 'L', '62', '69'], 13: ['Sun, Jan 24', 'Navy', 'N/A', 'W', '87', '78'], 14: ['Sat, Feb 13', 'Colgate', 'N/A', 'L', '74', '84'], 15: ['Sun, Feb 14', 'Colgate', 'N/A', 'L', '83', '92'], 16: ['Sat, Feb 20', 'Holy Cross', 'N/A', 'W', '69', '65'], 17: ['Sun, Feb 21', 'Holy Cross', 'N/A', 'L', '51', '67'], 18: ['Sat, Feb 27', 'Boston University', 'N/A', 'L', '63', '75'], 19: ['Sun, Feb 28', 'Boston University', 'N/A', 'W', '57', '55'], 20: ['Sat, Mar 6', 'American', 'N/A', 'W', '89', '66'], 21: ['Wed, Mar 10', 'Loyola (MD)', 'N/A', 'L', '63', '67']}",0.5294129318394025
Boston University,252,104,Terriers,7,11,0.3888888888888889,"{1: ['Mon, Jan 4', 'Holy Cross', 'N/A', 'W', '83', '76'], 2: ['Tue, Jan 5', 'Holy Cross', 'N/A', 'L', '66', '68'], 3: ['Sat, Jan 9', 'Colgate', 'N/A', 'L', '79', '86'], 4: ['Sun, Jan 10', 'Colgate', 'N/A', 'L', '45', '89'], 5: ['Sat, Jan 16', 'Army', 'N/A', 'L', '59', '79'], 6: ['Sun, Jan 17', 'Army', 'N/A', 'L', '65', '76'], 7: ['Sat, Jan 23', 'Lafayette', 'N/A', 'W', '81', '76'], 8: ['Sun, Jan 24', 'Lafayette', 'N/A', 'W', '64', '61'], 9: ['Sat, Feb 13', 'Holy Cross', 'N/A', 'L', '65', '82'], 10: ['Sun, Feb 14', 'Holy Cross', 'N/A', 'W', '86', '68'], 11: ['Wed, Feb 17', 'Holy Cross', 'N/A', 'W', '78', '69'], 12: ['Sat, Feb 20', 'Colgate', 'N/A', 'L', '72', '82'], 13: ['Sun, Feb 21', 'Colgate', 'N/A', 'L', '63', '78'], 14: ['Wed, Feb 24', 'Holy Cross', 'N/A', 'L', '75', '86'], 15: ['Sat, Feb 27', 'Army', 'N/A', 'W', '75', '63'], 16: ['Sun, Feb 28', 'Army', 'N/A', 'L', '55', '57'], 17: ['Wed, Mar 3', 'Lehigh', 'N/A', 'W', '69', '58'], 18: ['Sat, Mar 6', 'Colgate', 'N/A', 'L', '69', '77']}",0.5556878306878307
Bucknell,253,2083,Bison,5,7,0.4166666666666667,"{1: ['Sat, Jan 2', 'Navy', 'N/A', 'L', '69', '78'], 2: ['Sun, Jan 3', 'Navy', 'N/A', 'L', '60', '63'], 3: ['Sat, Jan 9', 'Lafayette', 'N/A', 'L', '60', '83'], 4: ['Sun, Jan 10', 'Lafayette', 'N/A', 'L', '76', '87'], 5: ['Sat, Jan 16', 'Lehigh', 'N/A', 'W', '75', '70'], 6: ['Sun, Jan 17', 'Lehigh', 'N/A', 'W', '77', '61'], 7: ['Sat, Jan 30', 'Lehigh', 'N/A', 'W', '84', '70'], 8: ['Sun, Jan 31', 'Lehigh', 'N/A', 'W', '92', '68'], 9: ['Sat, Feb 27', 'American', 'N/A', 'L', '71', '78'], 10: ['Sun, Feb 28', 'American', 'N/A', 'L', '68', '81'], 11: ['Sat, Mar 6', 'Lafayette', 'N/A', 'W', '92', '84'], 12: ['Wed, Mar 10', 'Colgate', 'N/A', 'L', '75', '105']}",0.517361111111111
Colgate,254,2142,Raiders,14,2,0.875,"{1: ['Fri, Mar 19', 'Arkansas', '3', 'L', '68', '85'], 2: ['Sat, Jan 2', 'Army', 'N/A', 'W', '101', '57'], 3: ['Sun, Jan 3', 'Army', 'N/A', 'L', '73', '75'], 4: ['Sat, Jan 9', 'Boston University', 'N/A', 'W', '86', '79'], 5: ['Sun, Jan 10', 'Boston University', 'N/A', 'W', '89', '45'], 6: ['Sat, Jan 16', 'Holy Cross', 'N/A', 'W', '95', '55'], 7: ['Sun, Jan 17', 'Holy Cross', 'N/A', 'W', '96', '87'], 8: ['Sat, Jan 30', 'Holy Cross', 'N/A', 'W', '74', '63'], 9: ['Sun, Jan 31', 'Holy Cross', 'N/A', 'W', '78', '60'], 10: ['Sat, Feb 13', 'Army', 'N/A', 'W', '84', '74'], 11: ['Sun, Feb 14', 'Army', 'N/A', 'W', '92', '83'], 12: ['Sat, Feb 20', 'Boston University', 'N/A', 'W', '82', '72'], 13: ['Sun, Feb 21', 'Boston University', 'N/A', 'W', '78', '63'], 14: ['Sat, Mar 6', 'Boston University', 'N/A', 'W', '77', '69'], 15: ['Wed, Mar 10', 'Bucknell', 'N/A', 'W', '105', '75'], 16: ['Sun, Mar 14', 'Loyola (MD)', 'N/A', 'W', '85', '72']}",0.5038604108309991
Holy Cross,255,107,Crusaders,5,11,0.3125,"{1: ['Mon, Jan 4', 'Boston University', 'N/A', 'L', '76', '83'], 2: ['Tue, Jan 5', 'Boston University', 'N/A', 'W', '68', '66'], 3: ['Sat, Jan 9', 'Army', 'N/A', 'L', '68', '83'], 4: ['Sun, Jan 10', 'Army', 'N/A', 'W', '70', '61'], 5: ['Sat, Jan 16', 'Colgate', 'N/A', 'L', '55', '95'], 6: ['Sun, Jan 17', 'Colgate', 'N/A', 'L', '87', '96'], 7: ['Sat, Jan 23', 'Lehigh', 'N/A', 'L', '72', '75'], 8: ['Sun, Jan 24', 'Lehigh', 'N/A', 'L', '74', '82'], 9: ['Sat, Jan 30', 'Colgate', 'N/A', 'L', '63', '74'], 10: ['Sun, Jan 31', 'Colgate', 'N/A', 'L', '60', '78'], 11: ['Sat, Feb 13', 'Boston University', 'N/A', 'W', '82', '65'], 12: ['Sun, Feb 14', 'Boston University', 'N/A', 'L', '68', '86'], 13: ['Wed, Feb 17', 'Boston University', 'N/A', 'L', '69', '78'], 14: ['Sat, Feb 20', 'Army', 'N/A', 'L', '65', '69'], 15: ['Sun, Feb 21', 'Army', 'N/A', 'W', '67', '51'], 16: ['Wed, Feb 24', 'Boston University', 'N/A', 'W', '86', '75']}",0.5407738095238096
Lafayette,256,322,Leopards,9,6,0.6,"{1: ['Sat, Jan 2', 'Lehigh', 'N/A', 'L', '89', '90'], 2: ['Sun, Jan 3', 'Lehigh', 'N/A', 'W', '82', '70'], 3: ['Sat, Jan 9', 'Bucknell', 'N/A', 'W', '83', '60'], 4: ['Sun, Jan 10', 'Bucknell', 'N/A', 'W', '87', '76'], 5: ['Sat, Jan 16', 'Loyola (MD)', 'N/A', 'W', '77', '75'], 6: ['Sun, Jan 17', 'Loyola (MD)', 'N/A', 'W', '72', '70'], 7: ['Sat, Jan 23', 'Boston University', 'N/A', 'L', '76', '81'], 8: ['Sun, Jan 24', 'Boston University', 'N/A', 'L', '61', '64'], 9: ['Sun, Feb 7', 'Loyola (MD)', 'N/A', 'L', '62', '75'], 10: ['Mon, Feb 8', 'Loyola (MD)', 'N/A', 'W', '80', '76'], 11: ['Sat, Feb 13', 'Loyola (MD)', 'N/A', 'W', '97', '94'], 12: ['Sun, Feb 14', 'Loyola (MD)', 'N/A', 'L', '69', '88'], 13: ['Sat, Feb 27', 'Lehigh', 'N/A', 'W', '75', '69'], 14: ['Sun, Feb 28', 'Lehigh', 'N/A', 'W', '71', '70'], 15: ['Sat, Mar 6', 'Bucknell', 'N/A', 'L', '84', '92']}",0.3474727668845316
Lehigh,257,2329,Mountain Hawks,4,11,0.26666666666666666,"{1: ['Sat, Jan 2', 'Lafayette', 'N/A', 'W', '90', '89'], 2: ['Sun, Jan 3', 'Lafayette', 'N/A', 'L', '70', '82'], 3: ['Sat, Jan 9', 'Navy', 'N/A', 'L', '61', '69'], 4: ['Sun, Jan 10', 'Navy', 'N/A', 'L', '58', '73'], 5: ['Sat, Jan 16', 'Bucknell', 'N/A', 'L', '70', '75'], 6: ['Sun, Jan 17', 'Bucknell', 'N/A', 'L', '61', '77'], 7: ['Sat, Jan 23', 'Holy Cross', 'N/A', 'W', '75', '72'], 8: ['Sun, Jan 24', 'Holy Cross', 'N/A', 'W', '82', '74'], 9: ['Sat, Jan 30', 'Bucknell', 'N/A', 'L', '70', '84'], 10: ['Sun, Jan 31', 'Bucknell', 'N/A', 'L', '68', '92'], 11: ['Sat, Feb 20', 'Loyola (MD)', 'N/A', 'L', '47', '75'], 12: ['Sun, Feb 21', 'Loyola (MD)', 'N/A', 'W', '76', '72'], 13: ['Sat, Feb 27', 'Lafayette', 'N/A', 'L', '69', '75'], 14: ['Sun, Feb 28', 'Lafayette', 'N/A', 'L', '70', '71'], 15: ['Wed, Mar 3', 'Boston University', 'N/A', 'L', '58', '69']}",0.4968736383442265
Loyola (MD),258,2352,Greyhounds,6,11,0.35294117647058826,"{1: ['Sat, Jan 16', 'Lafayette', 'N/A', 'L', '75', '77'], 2: ['Sun, Jan 17', 'Lafayette', 'N/A', 'L', '70', '72'], 3: ['Sat, Jan 23', 'American', 'N/A', 'L', '70', '71'], 4: ['Sun, Jan 24', 'American', 'N/A', 'L', '79', '81'], 5: ['Sat, Jan 30', 'Navy', 'N/A', 'L', '52', '70'], 6: ['Sun, Feb 7', 'Lafayette', 'N/A', 'W', '75', '62'], 7: ['Mon, Feb 8', 'Lafayette', 'N/A', 'L', '76', '80'], 8: ['Sat, Feb 13', 'Lafayette', 'N/A', 'L', '94', '97'], 9: ['Sun, Feb 14', 'Lafayette', 'N/A', 'W', '88', '69'], 10: ['Sat, Feb 20', 'Lehigh', 'N/A', 'W', '75', '47'], 11: ['Sun, Feb 21', 'Lehigh', 'N/A', 'L', '72', '76'], 12: ['Wed, Feb 24', 'American', 'N/A', 'W', '60', '49'], 13: ['Sat, Feb 27', 'Navy', 'N/A', 'L', '67', '73'], 14: ['Sun, Feb 28', 'Navy', 'N/A', 'L', '58', '66'], 15: ['Sat, Mar 6', 'Navy', 'N/A', 'W', '76', '68'], 16: ['Wed, Mar 10', 'Army', 'N/A', 'W', '67', '63'], 17: ['Sun, Mar 14', 'Colgate', 'N/A', 'L', '72', '85']}",0.5948879551820728
Navy,259,2426,Midshipmen,15,3,0.8333333333333334,"{1: ['Wed, Nov 25', 'George Washington', 'N/A', 'W', '78', '71'], 2: ['Fri, Nov 27', 'Maryland', 'N/A', 'L', '52', '82'], 3: ['Sat, Nov 28', ""Mount St. Mary's"", 'N/A', 'W', '73', '67'], 4: ['Tue, Dec 1', 'Georgetown', 'N/A', 'W', '78', '71'], 5: ['Sat, Jan 2', 'Bucknell', 'N/A', 'W', '78', '69'], 6: ['Sun, Jan 3', 'Bucknell', 'N/A', 'W', '63', '60'], 7: ['Sat, Jan 9', 'Lehigh', 'N/A', 'W', '69', '61'], 8: ['Sun, Jan 10', 'Lehigh', 'N/A', 'W', '73', '58'], 9: ['Sat, Jan 16', 'American', 'N/A', 'W', '87', '86'], 10: ['Sun, Jan 17', 'American', 'N/A', 'W', '71', '59'], 11: ['Sat, Jan 23', 'Army', 'N/A', 'W', '69', '62'], 12: ['Sun, Jan 24', 'Army', 'N/A', 'L', '78', '87'], 13: ['Sat, Jan 30', 'Loyola (MD)', 'N/A', 'W', '70', '52'], 14: ['Sat, Feb 20', 'American', 'N/A', 'W', '72', '60'], 15: ['Sun, Feb 21', 'American', 'N/A', 'W', '69', '60'], 16: ['Sat, Feb 27', 'Loyola (MD)', 'N/A', 'W', '73', '67'], 17: ['Sun, Feb 28', 'Loyola (MD)', 'N/A', 'W', '66', '58'], 18: ['Sat, Mar 6', 'Loyola (MD)', 'N/A', 'L', '68', '76']}",0.41132288664257965
Alabama,260,333,Crimson Tide,25,6,0.8064516129032258,"{1: ['Sat, Mar 20', 'Iona', '15', 'W', '68', '55'], 2: ['Wed, Nov 25', 'Jacksonville State', 'N/A', 'W', '81', '57'], 3: ['Mon, Nov 30', 'Stanford', 'N/A', 'L', '64', '82'], 4: ['Tue, Dec 1', 'UNLV', 'N/A', 'W', '86', '74'], 5: ['Wed, Dec 2', 'Providence', 'N/A', 'W', '88', '71'], 6: ['Sat, Dec 12', 'Clemson', 'N/A', 'L', '56', '64'], 7: ['Tue, Dec 15', 'Furman', 'N/A', 'W', '83', '80'], 8: ['Sat, Dec 19', 'Western Kentucky', 'N/A', 'L', '71', '73'], 9: ['Tue, Dec 22', 'East Tennessee State', 'N/A', 'W', '85', '69'], 10: ['Tue, Dec 29', 'Ole Miss', 'N/A', 'W', '82', '64'], 11: ['Sat, Jan 2', 'Tennessee', '7', 'W', '71', '63'], 12: ['Tue, Jan 5', 'Florida', 'N/A', 'W', '86', '71'], 13: ['Sat, Jan 9', 'Auburn', 'N/A', 'W', '94', '90'], 14: ['Tue, Jan 12', 'Kentucky', 'N/A', 'W', '85', '65'], 15: ['Sat, Jan 16', 'Arkansas', 'N/A', 'W', '90', '59'], 16: ['Tue, Jan 19', 'LSU', 'N/A', 'W', '105', '75'], 17: ['Sat, Jan 23', 'Mississippi State', 'N/A', 'W', '81', '73'], 18: ['Tue, Jan 26', 'Kentucky', 'N/A', 'W', '70', '59'], 19: ['Sat, Jan 30', 'Oklahoma', '24', 'L', '61', '66'], 20: ['Wed, Feb 3', 'LSU', 'N/A', 'W', '78', '60'], 21: ['Sat, Feb 6', 'Missouri', '18', 'L', '65', '68'], 22: ['Tue, Feb 9', 'South Carolina', 'N/A', 'W', '81', '78'], 23: ['Sat, Feb 13', 'Georgia', 'N/A', 'W', '115', '82'], 24: ['Sat, Feb 20', 'Vanderbilt', 'N/A', 'W', '82', '78'], 25: ['Wed, Feb 24', 'Arkansas', '20', 'L', '66', '81'], 26: ['Sat, Feb 27', 'Mississippi State', 'N/A', 'W', '64', '59'], 27: ['Tue, Mar 2', 'Auburn', 'N/A', 'W', '70', '58'], 28: ['Sat, Mar 6', 'Georgia', 'N/A', 'W', '89', '79'], 29: ['Fri, Mar 12', 'Mississippi State', 'N/A', 'W', '85', '48'], 30: ['Sat, Mar 13', 'Tennessee', 'N/A', 'W', '73', '68'], 31: ['Sun, Mar 14', 'LSU', 'N/A', 'W', '80', '79']}",0.6386712487035069
Arkansas,261,8,Razorbacks,24,6,0.8,"{1: ['Fri, Mar 19', 'Colgate', '14', 'W', '85', '68'], 2: ['Sun, Mar 21', 'Texas Tech', '6', 'W', '68', '66'], 3: ['Wed, Nov 25', 'Mississippi Valley State', 'N/A', 'W', '142', '62'], 4: ['Sat, Nov 28', 'North Texas', 'N/A', 'W', '69', '54'], 5: ['Wed, Dec 2', 'UT Arlington', 'N/A', 'W', '72', '60'], 6: ['Sat, Dec 5', 'Lipscomb', 'N/A', 'W', '86', '50'], 7: ['Wed, Dec 9', 'Southern', 'N/A', 'W', '79', '44'], 8: ['Sat, Dec 12', 'Central Arkansas', 'N/A', 'W', '100', '75'], 9: ['Sun, Dec 20', 'Oral Roberts', 'N/A', 'W', '87', '76'], 10: ['Tue, Dec 22', 'Abilene Christian', 'N/A', 'W', '85', '72'], 11: ['Wed, Dec 30', 'Auburn', 'N/A', 'W', '97', '85'], 12: ['Sat, Jan 2', 'Missouri', '12', 'L', '68', '81'], 13: ['Wed, Jan 6', 'Tennessee', '9', 'L', '74', '79'], 14: ['Sat, Jan 9', 'Georgia', 'N/A', 'W', '99', '69'], 15: ['Wed, Jan 13', 'LSU', 'N/A', 'L', '76', '92'], 16: ['Sat, Jan 16', 'Alabama', 'N/A', 'L', '59', '90'], 17: ['Wed, Jan 20', 'Auburn', 'N/A', 'W', '75', '73'], 18: ['Sat, Jan 23', 'Vanderbilt', 'N/A', 'W', '92', '71'], 19: ['Wed, Jan 27', 'Ole Miss', 'N/A', 'W', '74', '59'], 20: ['Sat, Jan 30', 'Oklahoma State', 'N/A', 'L', '77', '81'], 21: ['Tue, Feb 2', 'Mississippi State', 'N/A', 'W', '61', '45'], 22: ['Tue, Feb 9', 'Kentucky', 'N/A', 'W', '81', '80'], 23: ['Sat, Feb 13', 'Missouri', '10', 'W', '86', '81'], 24: ['Tue, Feb 16', 'Florida', 'N/A', 'W', '75', '64'], 25: ['Wed, Feb 24', 'Alabama', '6', 'W', '81', '66'], 26: ['Sat, Feb 27', 'LSU', 'N/A', 'W', '83', '75'], 27: ['Tue, Mar 2', 'South Carolina', 'N/A', 'W', '101', '73'], 28: ['Sat, Mar 6', 'Texas A&M', 'N/A', 'W', '87', '80'], 29: ['Fri, Mar 12', 'Missouri', 'N/A', 'W', '70', '64'], 30: ['Sat, Mar 13', 'LSU', 'N/A', 'L', '71', '78']}",0.71134415847112
Auburn,262,2,Tigers,13,14,0.4814814814814815,"{1: ['Thu, Nov 26', ""Saint Joseph's"", 'N/A', 'W', '96', '91'], 2: ['Fri, Nov 27', 'Gonzaga', '1', 'L', '67', '90'], 3: ['Mon, Nov 30', 'UCF', 'N/A', 'L', '55', '63'], 4: ['Fri, Dec 4', 'South Alabama', 'N/A', 'W', '90', '81'], 5: ['Sat, Dec 12', 'Memphis', 'N/A', 'W', '74', '71'], 6: ['Tue, Dec 15', 'Texas Southern', 'N/A', 'W', '80', '63'], 7: ['Sat, Dec 19', 'Troy', 'N/A', 'W', '77', '41'], 8: ['Tue, Dec 22', 'Appalachian State', 'N/A', 'W', '67', '53'], 9: ['Wed, Dec 30', 'Arkansas', 'N/A', 'L', '85', '97'], 10: ['Sat, Jan 2', 'Texas A&M', 'N/A', 'L', '66', '68'], 11: ['Wed, Jan 6', 'Ole Miss', 'N/A', 'L', '61', '72'], 12: ['Sat, Jan 9', 'Alabama', 'N/A', 'L', '90', '94'], 13: ['Wed, Jan 13', 'Georgia', 'N/A', 'W', '95', '77'], 14: ['Sat, Jan 16', 'Kentucky', 'N/A', 'W', '66', '59'], 15: ['Wed, Jan 20', 'Arkansas', 'N/A', 'L', '73', '75'], 16: ['Sat, Jan 23', 'South Carolina', 'N/A', 'W', '109', '86'], 17: ['Tue, Jan 26', 'Missouri', '12', 'W', '88', '82'], 18: ['Sat, Jan 30', 'Baylor', '2', 'L', '72', '84'], 19: ['Tue, Feb 2', 'Georgia', 'N/A', 'L', '86', '91'], 20: ['Sat, Feb 6', 'Ole Miss', 'N/A', 'L', '84', '86'], 21: ['Tue, Feb 9', 'Vanderbilt', 'N/A', 'W', '73', '67'], 22: ['Sat, Feb 13', 'Kentucky', 'N/A', 'L', '80', '82'], 23: ['Sat, Feb 20', 'LSU', 'N/A', 'L', '80', '104'], 24: ['Tue, Feb 23', 'Florida', 'N/A', 'L', '57', '74'], 25: ['Sat, Feb 27', 'Tennessee', '25', 'W', '77', '72'], 26: ['Tue, Mar 2', 'Alabama', '8', 'L', '58', '70'], 27: ['Sat, Mar 6', 'Mississippi State', 'N/A', 'W', '78', '71']}",0.7237477430644987
Florida,263,57,Gators,15,9,0.625,"{1: ['Fri, Mar 19', 'Virginia Tech', '10', 'W', '75', '70'], 2: ['Wed, Dec 2', 'Army', 'N/A', 'W', '76', '69'], 3: ['Thu, Dec 3', 'Boston College', 'N/A', 'W', '90', '70'], 4: ['Sun, Dec 6', 'Stetson', 'N/A', 'W', '86', '40'], 5: ['Sat, Dec 12', 'Florida State', '20', 'L', '71', '83'], 6: ['Wed, Dec 30', 'Vanderbilt', 'N/A', 'W', '91', '72'], 7: ['Sat, Jan 2', 'LSU', 'N/A', 'W', '83', '79'], 8: ['Tue, Jan 5', 'Alabama', 'N/A', 'L', '71', '86'], 9: ['Sat, Jan 9', 'Kentucky', 'N/A', 'L', '58', '76'], 10: ['Tue, Jan 12', 'Ole Miss', 'N/A', 'W', '72', '63'], 11: ['Sat, Jan 16', 'Mississippi State', 'N/A', 'L', '69', '72'], 12: ['Tue, Jan 19', 'Tennessee', '6', 'W', '75', '49'], 13: ['Sat, Jan 23', 'Georgia', 'N/A', 'W', '92', '84'], 14: ['Wed, Jan 27', 'Vanderbilt', 'N/A', 'W', '78', '71'], 15: ['Sat, Jan 30', 'West Virginia', '11', 'W', '85', '80'], 16: ['Wed, Feb 3', 'South Carolina', 'N/A', 'L', '66', '72'], 17: ['Tue, Feb 16', 'Arkansas', '24', 'L', '64', '75'], 18: ['Sat, Feb 20', 'Georgia', 'N/A', 'W', '70', '63'], 19: ['Tue, Feb 23', 'Auburn', 'N/A', 'W', '74', '57'], 20: ['Sat, Feb 27', 'Kentucky', 'N/A', 'W', '71', '67'], 21: ['Wed, Mar 3', 'Missouri', 'N/A', 'L', '70', '72'], 22: ['Sun, Mar 7', 'Tennessee', 'N/A', 'L', '54', '65'], 23: ['Thu, Mar 11', 'Vanderbilt', 'N/A', 'W', '69', '63'], 24: ['Fri, Mar 12', 'Tennessee', 'N/A', 'L', '66', '78']}",0.6476544821991613
Georgia,264,61,Bulldogs,14,12,0.5384615384615384,"{1: ['Sun, Nov 29', 'Florida A&M', 'N/A', 'W', '85', '75'], 2: ['Wed, Dec 2', 'Georgia', 'N/A', 'W', '84', '62'], 3: ['Fri, Dec 4', 'Jacksonville', 'N/A', 'W', '98', '65'], 4: ['Tue, Dec 8', 'Montana', 'N/A', 'W', '63', '50'], 5: ['Sat, Dec 12', 'Samford', 'N/A', 'W', '79', '75'], 6: ['Sat, Dec 19', 'Cincinnati', 'N/A', 'W', '83', '68'], 7: ['Tue, Dec 22', 'Northeastern', 'N/A', 'W', '76', '58'], 8: ['Wed, Dec 30', 'Mississippi State', 'N/A', 'L', '73', '83'], 9: ['Wed, Jan 6', 'LSU', 'N/A', 'L', '92', '94'], 10: ['Sat, Jan 9', 'Arkansas', 'N/A', 'L', '69', '99'], 11: ['Wed, Jan 13', 'Auburn', 'N/A', 'L', '77', '95'], 12: ['Sat, Jan 16', 'Ole Miss', 'N/A', 'W', '78', '74'], 13: ['Wed, Jan 20', 'Kentucky', 'N/A', 'W', '63', '62'], 14: ['Sat, Jan 23', 'Florida', 'N/A', 'L', '84', '92'], 15: ['Wed, Jan 27', 'South Carolina', 'N/A', 'L', '59', '83'], 16: ['Sat, Jan 30', 'Ole Miss', 'N/A', 'W', '71', '61'], 17: ['Tue, Feb 2', 'Auburn', 'N/A', 'W', '91', '86'], 18: ['Sat, Feb 6', 'Vanderbilt', 'N/A', 'W', '73', '70'], 19: ['Wed, Feb 10', 'Tennessee', '16', 'L', '81', '89'], 20: ['Sat, Feb 13', 'Alabama', '11', 'L', '82', '115'], 21: ['Tue, Feb 16', 'Missouri', '20', 'W', '80', '70'], 22: ['Sat, Feb 20', 'Florida', 'N/A', 'L', '63', '70'], 23: ['Tue, Feb 23', 'LSU', 'N/A', 'W', '91', '78'], 24: ['Sat, Feb 27', 'South Carolina', 'N/A', 'L', '70', '91'], 25: ['Sat, Mar 6', 'Alabama', '8', 'L', '79', '89'], 26: ['Thu, Mar 11', 'Missouri', 'N/A', 'L', '70', '73']}",0.6269391362334251
Kentucky,265,96,Wildcats,9,16,0.36,"{1: ['Wed, Nov 25', 'Morehead State', 'N/A', 'W', '81', '45'], 2: ['Sun, Nov 29', 'Richmond', 'N/A', 'L', '64', '76'], 3: ['Tue, Dec 1', 'Kansas', '7', 'L', '62', '65'], 4: ['Sun, Dec 6', 'Georgia Tech', 'N/A', 'L', '62', '79'], 5: ['Sat, Dec 12', 'Notre Dame', 'N/A', 'L', '63', '64'], 6: ['Sat, Dec 19', 'North Carolina', '22', 'L', '63', '75'], 7: ['Sat, Dec 26', 'Louisville', 'N/A', 'L', '59', '62'], 8: ['Sat, Jan 2', 'Mississippi State', 'N/A', 'W', '78', '73'], 9: ['Tue, Jan 5', 'Vanderbilt', 'N/A', 'W', '77', '74'], 10: ['Sat, Jan 9', 'Florida', 'N/A', 'W', '76', '58'], 11: ['Tue, Jan 12', 'Alabama', 'N/A', 'L', '65', '85'], 12: ['Sat, Jan 16', 'Auburn', 'N/A', 'L', '59', '66'], 13: ['Wed, Jan 20', 'Georgia', 'N/A', 'L', '62', '63'], 14: ['Sat, Jan 23', 'LSU', 'N/A', 'W', '82', '69'], 15: ['Tue, Jan 26', 'Alabama', '9', 'L', '59', '70'], 16: ['Wed, Feb 3', 'Missouri', '18', 'L', '70', '75'], 17: ['Sat, Feb 6', 'Tennessee', '11', 'L', '71', '82'], 18: ['Tue, Feb 9', 'Arkansas', 'N/A', 'L', '80', '81'], 19: ['Sat, Feb 13', 'Auburn', 'N/A', 'W', '82', '80'], 20: ['Wed, Feb 17', 'Vanderbilt', 'N/A', 'W', '82', '78'], 21: ['Sat, Feb 20', 'Tennessee', '19', 'W', '70', '55'], 22: ['Sat, Feb 27', 'Florida', 'N/A', 'L', '67', '71'], 23: ['Tue, Mar 2', 'Ole Miss', 'N/A', 'L', '62', '70'], 24: ['Sat, Mar 6', 'South Carolina', 'N/A', 'W', '92', '64'], 25: ['Thu, Mar 11', 'Mississippi State', 'N/A', 'L', '73', '74']}",0.7181663597392185
LSU,266,99,Tigers,19,9,0.6785714285714286,"{1: ['Sat, Mar 20', 'St. Bonaventure', '9', 'W', '76', '61'], 2: ['Thu, Nov 26', 'SIU Edwardsville', 'N/A', 'W', '94', '81'], 3: ['Sat, Nov 28', 'Saint Louis', 'N/A', 'L', '81', '85'], 4: ['Mon, Nov 30', 'SE Louisiana', 'N/A', 'W', '96', '43'], 5: ['Sun, Dec 6', 'Louisiana Tech', 'N/A', 'W', '86', '55'], 6: ['Mon, Dec 14', 'Sam Houston State', 'N/A', 'W', '88', '66'], 7: ['Sat, Dec 26', 'Nicholls', 'N/A', 'W', '86', '80'], 8: ['Tue, Dec 29', 'Texas A&M', 'N/A', 'W', '77', '54'], 9: ['Sat, Jan 2', 'Florida', 'N/A', 'L', '79', '83'], 10: ['Wed, Jan 6', 'Georgia', 'N/A', 'W', '94', '92'], 11: ['Sat, Jan 9', 'Ole Miss', 'N/A', 'W', '75', '61'], 12: ['Wed, Jan 13', 'Arkansas', 'N/A', 'W', '92', '76'], 13: ['Sat, Jan 16', 'South Carolina', 'N/A', 'W', '85', '80'], 14: ['Tue, Jan 19', 'Alabama', '18', 'L', '75', '105'], 15: ['Sat, Jan 23', 'Kentucky', 'N/A', 'L', '69', '82'], 16: ['Tue, Jan 26', 'Texas A&M', 'N/A', 'W', '78', '66'], 17: ['Sat, Jan 30', 'Texas Tech', '10', 'L', '71', '76'], 18: ['Wed, Feb 3', 'Alabama', '10', 'L', '60', '78'], 19: ['Wed, Feb 10', 'Mississippi State', 'N/A', 'W', '94', '80'], 20: ['Sat, Feb 13', 'Tennessee', '16', 'W', '78', '65'], 21: ['Sat, Feb 20', 'Auburn', 'N/A', 'W', '104', '80'], 22: ['Tue, Feb 23', 'Georgia', 'N/A', 'L', '78', '91'], 23: ['Sat, Feb 27', 'Arkansas', '20', 'L', '75', '83'], 24: ['Tue, Mar 2', 'Vanderbilt', 'N/A', 'W', '83', '68'], 25: ['Sat, Mar 6', 'Missouri', 'N/A', 'W', '86', '80'], 26: ['Fri, Mar 12', 'Ole Miss', 'N/A', 'W', '76', '73'], 27: ['Sat, Mar 13', 'Arkansas', '8', 'W', '78', '71'], 28: ['Sun, Mar 14', 'Alabama', '6', 'L', '79', '80']}",0.7714251316348487
Mississippi State,267,344,Bulldogs,16,14,0.5333333333333333,"{1: ['Sat, Mar 20', 'Saint Louis', '1', 'W', '74', '68'], 2: ['Wed, Nov 25', 'Clemson', 'N/A', 'L', '42', '53'], 3: ['Thu, Nov 26', 'Liberty', 'N/A', 'L', '73', '84'], 4: ['Mon, Nov 30', 'Texas State', 'N/A', 'W', '68', '51'], 5: ['Fri, Dec 4', 'North Texas', 'N/A', 'W', '69', '63'], 6: ['Tue, Dec 8', 'Jackson State', 'N/A', 'W', '82', '59'], 7: ['Sat, Dec 12', 'Dayton', 'N/A', 'L', '82', '85'], 8: ['Wed, Dec 16', 'Central Arkansas', 'N/A', 'W', '81', '65'], 9: ['Mon, Dec 21', 'Mississippi Valley State', 'N/A', 'W', '87', '48'], 10: ['Wed, Dec 30', 'Georgia', 'N/A', 'W', '83', '73'], 11: ['Sat, Jan 2', 'Kentucky', 'N/A', 'L', '73', '78'], 12: ['Tue, Jan 5', 'Missouri', '13', 'W', '78', '63'], 13: ['Sat, Jan 9', 'Vanderbilt', 'N/A', 'W', '84', '81'], 14: ['Wed, Jan 13', 'Texas A&M', 'N/A', 'L', '55', '56'], 15: ['Sat, Jan 16', 'Florida', 'N/A', 'W', '72', '69'], 16: ['Tue, Jan 19', 'Ole Miss', 'N/A', 'L', '46', '64'], 17: ['Sat, Jan 23', 'Alabama', '18', 'L', '73', '81'], 18: ['Tue, Jan 26', 'Tennessee', '18', 'L', '53', '56'], 19: ['Sat, Jan 30', 'Iowa State', 'N/A', 'W', '95', '56'], 20: ['Tue, Feb 2', 'Arkansas', 'N/A', 'L', '45', '61'], 21: ['Sat, Feb 6', 'South Carolina', 'N/A', 'W', '75', '59'], 22: ['Wed, Feb 10', 'LSU', 'N/A', 'L', '80', '94'], 23: ['Sat, Feb 13', 'Vanderbilt', 'N/A', 'L', '51', '72'], 24: ['Sat, Feb 20', 'Ole Miss', 'N/A', 'W', '66', '56'], 25: ['Wed, Feb 24', 'South Carolina', 'N/A', 'W', '69', '48'], 26: ['Sat, Feb 27', 'Alabama', '6', 'L', '59', '64'], 27: ['Wed, Mar 3', 'Texas A&M', 'N/A', 'W', '63', '57'], 28: ['Sat, Mar 6', 'Auburn', 'N/A', 'L', '71', '78'], 29: ['Thu, Mar 11', 'Kentucky', 'N/A', 'W', '74', '73'], 30: ['Fri, Mar 12', 'Alabama', '6', 'L', '48', '85']}",0.6714066206908625
Missouri,268,142,Tigers,16,10,0.6153846153846154,"{1: ['Sat, Mar 20', 'Oklahoma', '8', 'L', '68', '72'], 2: ['Wed, Nov 25', 'Oral Roberts', 'N/A', 'W', '91', '64'], 3: ['Wed, Dec 2', 'Oregon', '21', 'W', '83', '75'], 4: ['Sun, Dec 6', 'Wichita State', 'N/A', 'W', '72', '62'], 5: ['Wed, Dec 9', 'Liberty', 'N/A', 'W', '69', '60'], 6: ['Sat, Dec 12', 'Illinois', '6', 'W', '81', '78'], 7: ['Tue, Dec 22', 'Bradley', 'N/A', 'W', '54', '53'], 8: ['Wed, Dec 30', 'Tennessee', '7', 'L', '53', '73'], 9: ['Sat, Jan 2', 'Arkansas', 'N/A', 'W', '81', '68'], 10: ['Tue, Jan 5', 'Mississippi State', 'N/A', 'L', '63', '78'], 11: ['Sat, Jan 16', 'Texas A&M', 'N/A', 'W', '68', '52'], 12: ['Tue, Jan 19', 'South Carolina', 'N/A', 'W', '81', '70'], 13: ['Sat, Jan 23', 'Tennessee', '6', 'W', '73', '64'], 14: ['Tue, Jan 26', 'Auburn', 'N/A', 'L', '82', '88'], 15: ['Sat, Jan 30', 'TCU', 'N/A', 'W', '102', '98'], 16: ['Wed, Feb 3', 'Kentucky', 'N/A', 'W', '75', '70'], 17: ['Sat, Feb 6', 'Alabama', '10', 'W', '68', '65'], 18: ['Wed, Feb 10', 'Ole Miss', 'N/A', 'L', '59', '80'], 19: ['Sat, Feb 13', 'Arkansas', 'N/A', 'L', '81', '86'], 20: ['Tue, Feb 16', 'Georgia', 'N/A', 'L', '70', '80'], 21: ['Sat, Feb 20', 'South Carolina', 'N/A', 'W', '93', '78'], 22: ['Tue, Feb 23', 'Ole Miss', 'N/A', 'L', '53', '60'], 23: ['Wed, Mar 3', 'Florida', 'N/A', 'W', '72', '70'], 24: ['Sat, Mar 6', 'LSU', 'N/A', 'L', '80', '86'], 25: ['Thu, Mar 11', 'Georgia', 'N/A', 'W', '73', '70'], 26: ['Fri, Mar 12', 'Arkansas', '8', 'L', '64', '70']}",0.7986652331582168
Ole Miss,269,145,Rebels,16,12,0.5714285714285714,"{1: ['Fri, Mar 19', 'Louisiana Tech', '4', 'L', '61', '70'], 2: ['Thu, Dec 10', 'Jackson State', 'N/A', 'W', '80', '45'], 3: ['Sat, Dec 12', 'UNC Wilmington', 'N/A', 'W', '78', '58'], 4: ['Mon, Dec 14', 'Central Arkansas', 'N/A', 'W', '68', '54'], 5: ['Wed, Dec 16', 'Middle Tennessee', 'N/A', 'W', '70', '51'], 6: ['Sat, Dec 19', 'Dayton', 'N/A', 'L', '62', '65'], 7: ['Tue, Dec 22', 'UT Martin', 'N/A', 'W', '90', '43'], 8: ['Tue, Dec 29', 'Alabama', 'N/A', 'L', '64', '82'], 9: ['Sat, Jan 2', 'Wichita State', 'N/A', 'L', '79', '83'], 10: ['Wed, Jan 6', 'Auburn', 'N/A', 'W', '72', '61'], 11: ['Sat, Jan 9', 'LSU', 'N/A', 'L', '61', '75'], 12: ['Tue, Jan 12', 'Florida', 'N/A', 'L', '63', '72'], 13: ['Sat, Jan 16', 'Georgia', 'N/A', 'L', '74', '78'], 14: ['Tue, Jan 19', 'Mississippi State', 'N/A', 'W', '64', '46'], 15: ['Sat, Jan 23', 'Texas A&M', 'N/A', 'W', '61', '50'], 16: ['Wed, Jan 27', 'Arkansas', 'N/A', 'L', '59', '74'], 17: ['Sat, Jan 30', 'Georgia', 'N/A', 'L', '61', '71'], 18: ['Tue, Feb 2', 'Tennessee', '11', 'W', '52', '50'], 19: ['Sat, Feb 6', 'Auburn', 'N/A', 'W', '86', '84'], 20: ['Wed, Feb 10', 'Missouri', '10', 'W', '80', '59'], 21: ['Sat, Feb 13', 'South Carolina', 'N/A', 'W', '81', '74'], 22: ['Sat, Feb 20', 'Mississippi State', 'N/A', 'L', '56', '66'], 23: ['Tue, Feb 23', 'Missouri', '24', 'W', '60', '53'], 24: ['Sat, Feb 27', 'Vanderbilt', 'N/A', 'L', '70', '75'], 25: ['Tue, Mar 2', 'Kentucky', 'N/A', 'W', '70', '62'], 26: ['Sat, Mar 6', 'Vanderbilt', 'N/A', 'W', '56', '46'], 27: ['Thu, Mar 11', 'South Carolina', 'N/A', 'W', '76', '59'], 28: ['Fri, Mar 12', 'LSU', 'N/A', 'L', '73', '76']}",0.6076847208475874
South Carolina,270,2579,Gamecocks,6,15,0.2857142857142857,"{1: ['Sat, Nov 28', 'Liberty', 'N/A', 'L', '62', '78'], 2: ['Sun, Nov 29', 'Tulsa', 'N/A', 'W', '69', '58'], 3: ['Sat, Dec 5', 'Houston', '10', 'L', '67', '77'], 4: ['Sat, Jan 2', 'Florida A&M', 'N/A', 'W', '78', '71'], 5: ['Wed, Jan 6', 'Texas A&M', 'N/A', 'W', '78', '54'], 6: ['Sat, Jan 16', 'LSU', 'N/A', 'L', '80', '85'], 7: ['Tue, Jan 19', 'Missouri', '19', 'L', '70', '81'], 8: ['Sat, Jan 23', 'Auburn', 'N/A', 'L', '86', '109'], 9: ['Wed, Jan 27', 'Georgia', 'N/A', 'W', '83', '59'], 10: ['Sat, Jan 30', 'Vanderbilt', 'N/A', 'L', '81', '93'], 11: ['Wed, Feb 3', 'Florida', '22', 'W', '72', '66'], 12: ['Sat, Feb 6', 'Mississippi State', 'N/A', 'L', '59', '75'], 13: ['Tue, Feb 9', 'Alabama', '11', 'L', '78', '81'], 14: ['Sat, Feb 13', 'Ole Miss', 'N/A', 'L', '74', '81'], 15: ['Wed, Feb 17', 'Tennessee', '19', 'L', '73', '93'], 16: ['Sat, Feb 20', 'Missouri', '20', 'L', '78', '93'], 17: ['Wed, Feb 24', 'Mississippi State', 'N/A', 'L', '48', '69'], 18: ['Sat, Feb 27', 'Georgia', 'N/A', 'W', '91', '70'], 19: ['Tue, Mar 2', 'Arkansas', '12', 'L', '73', '101'], 20: ['Sat, Mar 6', 'Kentucky', 'N/A', 'L', '64', '92'], 21: ['Thu, Mar 11', 'Ole Miss', 'N/A', 'L', '59', '76']}",0.7304787243800756
Tennessee,271,2633,Volunteers,18,9,0.6666666666666666,"{1: ['Fri, Mar 19', 'Oregon State', '12', 'L', '56', '70'], 2: ['Tue, Dec 8', 'Colorado', 'N/A', 'W', '56', '47'], 3: ['Sat, Dec 12', 'Cincinnati', 'N/A', 'W', '65', '56'], 4: ['Tue, Dec 15', 'Appalachian State', 'N/A', 'W', '79', '38'], 5: ['Fri, Dec 18', 'Tennessee Tech', 'N/A', 'W', '103', '49'], 6: ['Mon, Dec 21', ""Saint Joseph's"", 'N/A', 'W', '102', '66'], 7: ['Wed, Dec 23', 'South Carolina Upstate', 'N/A', 'W', '80', '60'], 8: ['Wed, Dec 30', 'Missouri', '12', 'W', '73', '53'], 9: ['Sat, Jan 2', 'Alabama', 'N/A', 'L', '63', '71'], 10: ['Wed, Jan 6', 'Arkansas', 'N/A', 'W', '79', '74'], 11: ['Sat, Jan 9', 'Texas A&M', 'N/A', 'W', '68', '54'], 12: ['Sat, Jan 16', 'Vanderbilt', 'N/A', 'W', '81', '61'], 13: ['Tue, Jan 19', 'Florida', 'N/A', 'L', '49', '75'], 14: ['Sat, Jan 23', 'Missouri', '19', 'L', '64', '73'], 15: ['Tue, Jan 26', 'Mississippi State', 'N/A', 'W', '56', '53'], 16: ['Sat, Jan 30', 'Kansas', '15', 'W', '80', '61'], 17: ['Tue, Feb 2', 'Ole Miss', 'N/A', 'L', '50', '52'], 18: ['Sat, Feb 6', 'Kentucky', 'N/A', 'W', '82', '71'], 19: ['Wed, Feb 10', 'Georgia', 'N/A', 'W', '89', '81'], 20: ['Sat, Feb 13', 'LSU', 'N/A', 'L', '65', '78'], 21: ['Wed, Feb 17', 'South Carolina', 'N/A', 'W', '93', '73'], 22: ['Sat, Feb 20', 'Kentucky', 'N/A', 'L', '55', '70'], 23: ['Wed, Feb 24', 'Vanderbilt', 'N/A', 'W', '70', '58'], 24: ['Sat, Feb 27', 'Auburn', 'N/A', 'L', '72', '77'], 25: ['Sun, Mar 7', 'Florida', 'N/A', 'W', '65', '54'], 26: ['Fri, Mar 12', 'Florida', 'N/A', 'W', '78', '66'], 27: ['Sat, Mar 13', 'Alabama', '6', 'L', '68', '73']}",0.63698390890375
Texas A&M,272,245,Aggies,8,10,0.4444444444444444,"{1: ['Sun, Nov 29', 'New Orleans', 'N/A', 'W', '82', '53'], 2: ['Wed, Dec 2', 'Tarleton', 'N/A', 'W', '73', '66'], 3: ['Sun, Dec 6', 'UT Rio Grande Valley', 'N/A', 'W', '81', '68'], 4: ['Sat, Dec 12', 'TCU', 'N/A', 'L', '55', '73'], 5: ['Tue, Dec 15', 'SE Louisiana', 'N/A', 'W', '69', '52'], 6: ['Mon, Dec 21', 'Wofford', 'N/A', 'W', '70', '52'], 7: ['Tue, Dec 29', 'LSU', 'N/A', 'L', '54', '77'], 8: ['Sat, Jan 2', 'Auburn', 'N/A', 'W', '68', '66'], 9: ['Wed, Jan 6', 'South Carolina', 'N/A', 'L', '54', '78'], 10: ['Sat, Jan 9', 'Tennessee', '9', 'L', '54', '68'], 11: ['Wed, Jan 13', 'Mississippi State', 'N/A', 'W', '56', '55'], 12: ['Sat, Jan 16', 'Missouri', '17', 'L', '52', '68'], 13: ['Sat, Jan 23', 'Ole Miss', 'N/A', 'L', '50', '61'], 14: ['Tue, Jan 26', 'LSU', 'N/A', 'L', '66', '78'], 15: ['Sat, Jan 30', 'Kansas State', 'N/A', 'W', '68', '61'], 16: ['Wed, Mar 3', 'Mississippi State', 'N/A', 'L', '57', '63'], 17: ['Sat, Mar 6', 'Arkansas', '12', 'L', '80', '87'], 18: ['Wed, Mar 10', 'Vanderbilt', 'N/A', 'L', '68', '79']}",0.6134858306571354
Vanderbilt,273,238,Commodores,9,16,0.36,"{1: ['Fri, Nov 27', 'Valparaiso', 'N/A', 'W', '77', '71'], 2: ['Sun, Dec 13', 'Mississippi Valley State', 'N/A', 'W', '84', '41'], 3: ['Wed, Dec 16', 'Richmond', 'N/A', 'L', '67', '78'], 4: ['Sat, Dec 19', 'Radford', 'N/A', 'W', '59', '50'], 5: ['Tue, Dec 22', 'Davidson', 'N/A', 'L', '65', '85'], 6: ['Sun, Dec 27', 'Alcorn State', 'N/A', 'W', '87', '59'], 7: ['Wed, Dec 30', 'Florida', 'N/A', 'L', '72', '91'], 8: ['Tue, Jan 5', 'Kentucky', 'N/A', 'L', '74', '77'], 9: ['Sat, Jan 9', 'Mississippi State', 'N/A', 'L', '81', '84'], 10: ['Sat, Jan 16', 'Tennessee', '10', 'L', '61', '81'], 11: ['Sat, Jan 23', 'Arkansas', 'N/A', 'L', '71', '92'], 12: ['Wed, Jan 27', 'Florida', 'N/A', 'L', '71', '78'], 13: ['Sat, Jan 30', 'South Carolina', 'N/A', 'W', '93', '81'], 14: ['Sat, Feb 6', 'Georgia', 'N/A', 'L', '70', '73'], 15: ['Tue, Feb 9', 'Auburn', 'N/A', 'L', '67', '73'], 16: ['Sat, Feb 13', 'Mississippi State', 'N/A', 'W', '72', '51'], 17: ['Wed, Feb 17', 'Kentucky', 'N/A', 'L', '78', '82'], 18: ['Sat, Feb 20', 'Alabama', '8', 'L', '78', '82'], 19: ['Wed, Feb 24', 'Tennessee', '25', 'L', '58', '70'], 20: ['Sat, Feb 27', 'Ole Miss', 'N/A', 'W', '75', '70'], 21: ['Tue, Mar 2', 'LSU', 'N/A', 'L', '68', '83'], 22: ['Thu, Mar 4', 'Cincinnati', 'N/A', 'W', '78', '64'], 23: ['Sat, Mar 6', 'Ole Miss', 'N/A', 'L', '46', '56'], 24: ['Wed, Mar 10', 'Texas A&M', 'N/A', 'W', '79', '68'], 25: ['Thu, Mar 11', 'Florida', 'N/A', 'L', '63', '69']}",0.5909526004742806
Chattanooga,274,236,Mocs,18,8,0.6923076923076923,"{1: ['Wed, Nov 25', '', 'N/A', 'W', '99', '63'], 2: ['Mon, Nov 30', 'Tennessee Tech', 'N/A', 'W', '62', '54'], 3: ['Sat, Dec 5', 'Northern Kentucky', 'N/A', 'W', '79', '72'], 4: ['Mon, Dec 7', 'Middle Tennessee', 'N/A', 'W', '80', '70'], 5: ['Wed, Dec 9', 'Bellarmine', 'N/A', 'W', '77', '68'], 6: ['Sat, Dec 12', 'Georgia', 'N/A', 'W', '81', '63'], 7: ['Wed, Dec 16', 'UNC Asheville', 'N/A', 'W', '69', '66'], 8: ['Sat, Dec 19', 'UAB', 'N/A', 'W', '69', '66'], 9: ['Tue, Dec 22', 'Tennessee State', 'N/A', 'W', '66', '63'], 10: ['Wed, Dec 30', 'Furman', 'N/A', 'L', '73', '77'], 11: ['Sat, Jan 2', 'VMI', 'N/A', 'L', '79', '84'], 12: ['Wed, Jan 6', 'Samford', 'N/A', 'W', '73', '68'], 13: ['Sat, Jan 9', 'The Citadel', 'N/A', 'L', '87', '92'], 14: ['Wed, Jan 13', 'Mercer', 'N/A', 'W', '83', '80'], 15: ['Sat, Jan 16', 'Wofford', 'N/A', 'L', '59', '77'], 16: ['Wed, Jan 20', 'Samford', 'N/A', 'W', '70', '64'], 17: ['Sat, Jan 23', 'UNC Greensboro', 'N/A', 'L', '66', '74'], 18: ['Wed, Feb 3', 'Western Carolina', 'N/A', 'W', '74', '67'], 19: ['Sat, Feb 6', 'East Tennessee State', 'N/A', 'W', '67', '65'], 20: ['Wed, Feb 10', 'Wofford', 'N/A', 'W', '78', '66'], 21: ['Sat, Feb 13', 'The Citadel', 'N/A', 'W', '70', '66'], 22: ['Mon, Feb 15', 'East Tennessee State', 'N/A', 'W', '53', '51'], 23: ['Wed, Feb 17', 'Western Carolina', 'N/A', 'W', '89', '81'], 24: ['Sat, Feb 20', 'UNC Greensboro', 'N/A', 'L', '55', '60'], 25: ['Wed, Feb 24', 'Mercer', 'N/A', 'L', '77', '81'], 26: ['Sat, Mar 6', 'East Tennessee State', 'N/A', 'L', '53', '63']}",0.5072537933462418
East Tennessee State,275,2193,Buccaneers,13,12,0.52,"{1: ['Wed, Nov 25', 'Abilene Christian', 'N/A', 'L', '47', '70'], 2: ['Thu, Nov 26', 'Austin Peay', 'N/A', 'L', '66', '67'], 3: ['Fri, Nov 27', 'Middle Tennessee', 'N/A', 'W', '57', '43'], 4: ['Sat, Dec 12', 'UAB', 'N/A', 'L', '61', '65'], 5: ['Tue, Dec 15', 'Gardner-Webb', 'N/A', 'W', '65', '60'], 6: ['Thu, Dec 17', 'International', 'N/A', 'W', '96', '54'], 7: ['Sat, Dec 19', 'University', 'N/A', 'W', '62', '53'], 8: ['Tue, Dec 22', 'Alabama', 'N/A', 'L', '69', '85'], 9: ['Wed, Dec 30', 'Western Carolina', 'N/A', 'W', '86', '78'], 10: ['Sat, Jan 2', 'UNC Greensboro', 'N/A', 'W', '71', '61'], 11: ['Sat, Jan 16', 'Furman', 'N/A', 'L', '66', '78'], 12: ['Mon, Jan 18', 'VMI', 'N/A', 'W', '92', '81'], 13: ['Wed, Jan 20', 'Western Carolina', 'N/A', 'W', '59', '48'], 14: ['Sat, Jan 23', 'Furman', 'N/A', 'W', '71', '62'], 15: ['Sat, Jan 30', 'The Citadel', 'N/A', 'W', '112', '84'], 16: ['Mon, Feb 1', 'Wofford', 'N/A', 'L', '62', '67'], 17: ['Wed, Feb 3', 'Mercer', 'N/A', 'W', '70', '64'], 18: ['Sat, Feb 6', 'Chattanooga', 'N/A', 'L', '65', '67'], 19: ['Wed, Feb 10', 'The Citadel', 'N/A', 'L', '71', '79'], 20: ['Sat, Feb 13', 'Wofford', 'N/A', 'W', '71', '49'], 21: ['Mon, Feb 15', 'Chattanooga', 'N/A', 'L', '51', '53'], 22: ['Wed, Feb 17', 'Mercer', 'N/A', 'L', '64', '71'], 23: ['Sat, Feb 27', 'UNC Greensboro', 'N/A', 'L', '74', '85'], 24: ['Sat, Mar 6', 'Chattanooga', 'N/A', 'W', '63', '53'], 25: ['Sun, Mar 7', 'UNC Greensboro', 'N/A', 'L', '65', '77']}",0.6045356133794452
Furman,276,231,Paladins,16,9,0.64,"{1: ['Wed, Nov 25', '', 'N/A', 'W', '95', '62'], 2: ['Sat, Nov 28', 'South Carolina Upstate', 'N/A', 'W', '91', '63'], 3: ['Wed, Dec 2', 'Wesleyan', 'N/A', 'W', '89', '49'], 4: ['Sat, Dec 5', 'Charleston', 'N/A', 'W', '81', '57'], 5: ['Wed, Dec 9', 'Cincinnati', 'N/A', 'L', '73', '78'], 6: ['Sat, Dec 12', '', 'N/A', 'W', '86', '61'], 7: ['Tue, Dec 15', 'Alabama', 'N/A', 'L', '80', '83'], 8: ['Sat, Dec 19', 'Winthrop', 'N/A', 'L', '71', '87'], 9: ['Mon, Dec 21', 'South Carolina State', 'N/A', 'W', '118', '52'], 10: ['Wed, Dec 30', 'Chattanooga', 'N/A', 'W', '77', '73'], 11: ['Sat, Jan 2', 'Mercer', 'N/A', 'W', '83', '80'], 12: ['Wed, Jan 13', 'The Citadel', 'N/A', 'W', '94', '88'], 13: ['Sat, Jan 16', 'East Tennessee State', 'N/A', 'W', '78', '66'], 14: ['Wed, Jan 20', 'VMI', 'N/A', 'L', '73', '74'], 15: ['Sat, Jan 23', 'East Tennessee State', 'N/A', 'L', '62', '71'], 16: ['Sat, Jan 30', 'Western Carolina', 'N/A', 'W', '75', '69'], 17: ['Sat, Feb 6', 'Wofford', 'N/A', 'L', '67', '75'], 18: ['Mon, Feb 8', 'UNC Greensboro', 'N/A', 'W', '68', '49'], 19: ['Wed, Feb 10', 'UNC Greensboro', 'N/A', 'L', '58', '64'], 20: ['Sat, Feb 13', 'Western Carolina', 'N/A', 'W', '88', '70'], 21: ['Wed, Feb 17', 'Samford', 'N/A', 'W', '78', '64'], 22: ['Sat, Feb 20', 'Mercer', 'N/A', 'W', '70', '60'], 23: ['Wed, Feb 24', 'The Citadel', 'N/A', 'W', '72', '63'], 24: ['Sat, Feb 27', 'Wofford', 'N/A', 'L', '73', '74'], 25: ['Sat, Mar 6', 'VMI', 'N/A', 'L', '90', '91']}",0.5376869593145113
Mercer,277,2382,Bears,18,11,0.6206896551724138,"{1: ['Wed, Nov 25', 'Georgia', 'N/A', 'W', '79', '48'], 2: ['Fri, Nov 27', 'Georgia Tech', 'N/A', 'W', '83', '73'], 3: ['Mon, Nov 30', 'Georgia State', 'N/A', 'W', '86', '69'], 4: ['Sat, Dec 5', 'International', 'N/A', 'W', '88', '62'], 5: ['Sun, Dec 6', 'Wesleyan', 'N/A', 'W', '96', '85'], 6: ['Sun, Dec 13', 'Georgia Southern', 'N/A', 'W', '77', '75'], 7: ['Wed, Dec 16', 'Georgia State', 'N/A', 'L', '81', '88'], 8: ['Tue, Dec 22', 'Kennesaw State', 'N/A', 'W', '81', '71'], 9: ['Tue, Dec 29', 'Wofford', 'N/A', 'L', '65', '78'], 10: ['Sat, Jan 2', 'Furman', 'N/A', 'L', '80', '83'], 11: ['Wed, Jan 13', 'Chattanooga', 'N/A', 'L', '80', '83'], 12: ['Sat, Jan 16', 'Western Carolina', 'N/A', 'W', '78', '76'], 13: ['Wed, Jan 20', 'The Citadel', 'N/A', 'W', '83', '63'], 14: ['Sat, Jan 23', 'VMI', 'N/A', 'W', '83', '80'], 15: ['Wed, Jan 27', 'UNC Greensboro', 'N/A', 'L', '68', '81'], 16: ['Sat, Jan 30', 'Wofford', 'N/A', 'L', '69', '72'], 17: ['Wed, Feb 3', 'East Tennessee State', 'N/A', 'L', '64', '70'], 18: ['Mon, Feb 8', 'Samford', 'N/A', 'W', '89', '82'], 19: ['Wed, Feb 10', 'Samford', 'N/A', 'W', '77', '70'], 20: ['Sat, Feb 13', 'UNC Greensboro', 'N/A', 'L', '74', '77'], 21: ['Wed, Feb 17', 'East Tennessee State', 'N/A', 'W', '71', '64'], 22: ['Sat, Feb 20', 'Furman', 'N/A', 'L', '60', '70'], 23: ['Mon, Feb 22', 'The Citadel', 'N/A', 'W', '88', '52'], 24: ['Wed, Feb 24', 'Chattanooga', 'N/A', 'W', '81', '77'], 25: ['Sat, Feb 27', 'Western Carolina', 'N/A', 'L', '61', '85'], 26: ['Fri, Mar 5', 'Samford', 'N/A', 'W', '87', '59'], 27: ['Sat, Mar 6', 'Wofford', 'N/A', 'W', '62', '61'], 28: ['Sun, Mar 7', 'VMI', 'N/A', 'W', '73', '59'], 29: ['Mon, Mar 8', 'UNC Greensboro', 'N/A', 'L', '61', '69']}",0.5514742819811045
Samford,278,2535,Bulldogs,6,13,0.3157894736842105,"{1: ['Sun, Nov 29', 'Alabama A&M', 'N/A', 'L', '76', '78'], 2: ['Tue, Dec 1', '', 'N/A', 'W', '98', '73'], 3: ['Sat, Dec 5', 'Belmont', 'N/A', 'W', '96', '83'], 4: ['Sat, Dec 12', 'Georgia', 'N/A', 'L', '75', '79'], 5: ['Wed, Dec 16', 'Troy', 'N/A', 'L', '71', '79'], 6: ['Sat, Dec 19', 'Kennesaw State', 'N/A', 'W', '65', '63'], 7: ['Mon, Dec 21', '', 'N/A', 'W', '133', '84'], 8: ['Wed, Dec 30', 'VMI', 'N/A', 'W', '84', '71'], 9: ['Sat, Jan 2', 'Wofford', 'N/A', 'L', '84', '94'], 10: ['Wed, Jan 6', 'Chattanooga', 'N/A', 'L', '68', '73'], 11: ['Thu, Jan 14', 'UNC Greensboro', 'N/A', 'L', '63', '87'], 12: ['Sat, Jan 16', 'UNC Greensboro', 'N/A', 'L', '70', '82'], 13: ['Mon, Jan 18', 'Western Carolina', 'N/A', 'W', '82', '78'], 14: ['Wed, Jan 20', 'Chattanooga', 'N/A', 'L', '64', '70'], 15: ['Mon, Feb 8', 'Mercer', 'N/A', 'L', '82', '89'], 16: ['Wed, Feb 10', 'Mercer', 'N/A', 'L', '70', '77'], 17: ['Sat, Feb 13', 'VMI', 'N/A', 'L', '56', '85'], 18: ['Wed, Feb 17', 'Furman', 'N/A', 'L', '64', '78'], 19: ['Fri, Mar 5', 'Mercer', 'N/A', 'L', '59', '87']}",0.5744359081681597
The Citadel,279,2643,Bulldogs,13,12,0.52,"{1: ['Wed, Nov 25', '', 'N/A', 'W', '89', '64'], 2: ['Thu, Dec 3', 'North Carolina A&T', 'N/A', 'W', '78', '70'], 3: ['Sat, Dec 5', 'Falls', 'N/A', 'W', '100', '58'], 4: ['Mon, Dec 7', 'International', 'N/A', 'W', '96', '57'], 5: ['Wed, Dec 9', 'College', 'N/A', 'W', '102', '51'], 6: ['Sat, Dec 19', 'Longwood', 'N/A', 'W', '91', '89'], 7: ['Tue, Dec 22', 'Presbyterian', 'N/A', 'W', '94', '82'], 8: ['Sat, Jan 9', 'Chattanooga', 'N/A', 'W', '92', '87'], 9: ['Wed, Jan 13', 'Furman', 'N/A', 'L', '88', '94'], 10: ['Sat, Jan 16', 'VMI', 'N/A', 'L', '103', '110'], 11: ['Mon, Jan 18', 'UNC Greensboro', 'N/A', 'L', '73', '87'], 12: ['Wed, Jan 20', 'Mercer', 'N/A', 'L', '63', '83'], 13: ['Wed, Jan 27', 'Wofford', 'N/A', 'W', '77', '69'], 14: ['Sat, Jan 30', 'East Tennessee State', 'N/A', 'L', '84', '112'], 15: ['Mon, Feb 1', 'Western Carolina', 'N/A', 'L', '75', '76'], 16: ['Wed, Feb 3', 'UNC Greensboro', 'N/A', 'L', '66', '85'], 17: ['Sat, Feb 6', 'Western Carolina', 'N/A', 'W', '74', '63'], 18: ['Wed, Feb 10', 'East Tennessee State', 'N/A', 'W', '79', '71'], 19: ['Sat, Feb 13', 'Chattanooga', 'N/A', 'L', '66', '70'], 20: ['Wed, Feb 17', 'Wofford', 'N/A', 'L', '67', '81'], 21: ['Sat, Feb 20', 'VMI', 'N/A', 'W', '75', '74'], 22: ['Mon, Feb 22', 'Mercer', 'N/A', 'L', '52', '88'], 23: ['Wed, Feb 24', 'Furman', 'N/A', 'L', '63', '72'], 24: ['Fri, Mar 5', 'Western Carolina', 'N/A', 'W', '100', '86'], 25: ['Sat, Mar 6', 'UNC Greensboro', 'N/A', 'L', '72', '80']}",0.5621414363778895
UNC Greensboro,280,2430,Spartans,21,9,0.7,"{1: ['Sat, Mar 20', 'Florida State', '4', 'L', '54', '64'], 2: ['Fri, Nov 27', 'Little Rock', 'N/A', 'W', '77', '70'], 3: ['Tue, Dec 1', 'Winthrop', 'N/A', 'L', '67', '75'], 4: ['Wed, Dec 2', 'Duquesne', 'N/A', 'L', '68', '81'], 5: ['Thu, Dec 10', 'Coppin State', 'N/A', 'L', '80', '86'], 6: ['Sun, Dec 13', 'Norfolk State', 'N/A', 'W', '64', '47'], 7: ['Tue, Dec 15', 'South Carolina Upstate', 'N/A', 'W', '65', '57'], 8: ['Sat, Dec 19', 'Elon', 'N/A', 'W', '71', '64'], 9: ['Tue, Dec 22', 'North Carolina A&T', 'N/A', 'W', '86', '65'], 10: ['Sat, Jan 2', 'East Tennessee State', 'N/A', 'L', '61', '71'], 11: ['Wed, Jan 6', 'Wofford', 'N/A', 'W', '84', '75'], 12: ['Sat, Jan 9', 'Wofford', 'N/A', 'L', '45', '48'], 13: ['Thu, Jan 14', 'Samford', 'N/A', 'W', '87', '63'], 14: ['Sat, Jan 16', 'Samford', 'N/A', 'W', '82', '70'], 15: ['Mon, Jan 18', 'The Citadel', 'N/A', 'W', '87', '73'], 16: ['Sat, Jan 23', 'Chattanooga', 'N/A', 'W', '74', '66'], 17: ['Wed, Jan 27', 'Mercer', 'N/A', 'W', '81', '68'], 18: ['Sat, Jan 30', 'VMI', 'N/A', 'W', '76', '59'], 19: ['Wed, Feb 3', 'The Citadel', 'N/A', 'W', '85', '66'], 20: ['Mon, Feb 8', 'Furman', 'N/A', 'L', '49', '68'], 21: ['Wed, Feb 10', 'Furman', 'N/A', 'W', '64', '58'], 22: ['Sat, Feb 13', 'Mercer', 'N/A', 'W', '77', '74'], 23: ['Wed, Feb 17', 'VMI', 'N/A', 'L', '77', '88'], 24: ['Sat, Feb 20', 'Chattanooga', 'N/A', 'W', '60', '55'], 25: ['Mon, Feb 22', 'Western Carolina', 'N/A', 'W', '77', '56'], 26: ['Wed, Feb 24', 'Western Carolina', 'N/A', 'L', '80', '81'], 27: ['Sat, Feb 27', 'East Tennessee State', 'N/A', 'W', '85', '74'], 28: ['Sat, Mar 6', 'The Citadel', 'N/A', 'W', '80', '72'], 29: ['Sun, Mar 7', 'East Tennessee State', 'N/A', 'W', '77', '65'], 30: ['Mon, Mar 8', 'Mercer', 'N/A', 'W', '69', '61']}",0.5763086910204297
VMI,281,2678,Keydets,13,12,0.52,"{1: ['Wed, Nov 25', 'Andrews', 'N/A', 'W', '90', '63'], 2: ['Sat, Nov 28', 'Penn State', 'N/A', 'L', '65', '86'], 3: ['Tue, Dec 1', 'Longwood', 'N/A', 'W', '84', '71'], 4: ['Thu, Dec 3', 'Virginia Tech', '16', 'L', '57', '64'], 5: ['Tue, Dec 8', '', 'N/A', 'W', '100', '65'], 6: ['Sun, Dec 13', 'Hampton', 'N/A', 'W', '79', '64'], 7: ['Tue, Dec 15', '', 'N/A', 'W', '106', '72'], 8: ['Fri, Dec 18', 'Gardner-Webb', 'N/A', 'L', '77', '88'], 9: ['Mon, Dec 21', 'George Mason', 'N/A', 'L', '66', '68'], 10: ['Wed, Dec 30', 'Samford', 'N/A', 'L', '71', '84'], 11: ['Sat, Jan 2', 'Chattanooga', 'N/A', 'W', '84', '79'], 12: ['Wed, Jan 13', 'Wofford', 'N/A', 'L', '78', '80'], 13: ['Sat, Jan 16', 'The Citadel', 'N/A', 'W', '110', '103'], 14: ['Mon, Jan 18', 'East Tennessee State', 'N/A', 'L', '81', '92'], 15: ['Wed, Jan 20', 'Furman', 'N/A', 'W', '74', '73'], 16: ['Sat, Jan 23', 'Mercer', 'N/A', 'L', '80', '83'], 17: ['Wed, Jan 27', 'Western Carolina', 'N/A', 'W', '87', '61'], 18: ['Sat, Jan 30', 'UNC Greensboro', 'N/A', 'L', '59', '76'], 19: ['Wed, Feb 3', 'Wofford', 'N/A', 'W', '84', '80'], 20: ['Wed, Feb 10', 'Western Carolina', 'N/A', 'L', '72', '74'], 21: ['Sat, Feb 13', 'Samford', 'N/A', 'W', '85', '56'], 22: ['Wed, Feb 17', 'UNC Greensboro', 'N/A', 'W', '88', '77'], 23: ['Sat, Feb 20', 'The Citadel', 'N/A', 'L', '74', '75'], 24: ['Sat, Mar 6', 'Furman', 'N/A', 'W', '91', '90'], 25: ['Sun, Mar 7', 'Mercer', 'N/A', 'L', '59', '73']}",0.5597480176914263
Western Carolina,282,2717,Catamounts,11,16,0.4074074074074074,"{1: ['Wed, Nov 25', 'UNC Wilmington', 'N/A', 'W', '98', '76'], 2: ['Fri, Nov 27', 'Troy', 'N/A', 'L', '64', '66'], 3: ['Sat, Nov 28', 'UNC Asheville', 'N/A', 'W', '83', '81'], 4: ['Mon, Nov 30', '', 'N/A', 'W', '96', '58'], 5: ['Thu, Dec 3', '', 'N/A', 'W', '91', '84'], 6: ['Sun, Dec 6', 'Tennessee Tech', 'N/A', 'W', '76', '75'], 7: ['Sat, Dec 12', 'North Carolina A&T', 'N/A', 'W', '104', '98'], 8: ['Tue, Dec 15', 'VCU', 'N/A', 'L', '68', '93'], 9: ['Fri, Dec 18', 'Charleston', 'N/A', 'W', '76', '70'], 10: ['Wed, Dec 30', 'East Tennessee State', 'N/A', 'L', '78', '86'], 11: ['Sat, Jan 16', 'Mercer', 'N/A', 'L', '76', '78'], 12: ['Mon, Jan 18', 'Samford', 'N/A', 'L', '78', '82'], 13: ['Wed, Jan 20', 'East Tennessee State', 'N/A', 'L', '48', '59'], 14: ['Sat, Jan 23', 'Wofford', 'N/A', 'L', '78', '91'], 15: ['Wed, Jan 27', 'VMI', 'N/A', 'L', '61', '87'], 16: ['Sat, Jan 30', 'Furman', 'N/A', 'L', '69', '75'], 17: ['Mon, Feb 1', 'The Citadel', 'N/A', 'W', '76', '75'], 18: ['Wed, Feb 3', 'Chattanooga', 'N/A', 'L', '67', '74'], 19: ['Sat, Feb 6', 'The Citadel', 'N/A', 'L', '63', '74'], 20: ['Wed, Feb 10', 'VMI', 'N/A', 'W', '74', '72'], 21: ['Sat, Feb 13', 'Furman', 'N/A', 'L', '70', '88'], 22: ['Wed, Feb 17', 'Chattanooga', 'N/A', 'L', '81', '89'], 23: ['Sat, Feb 20', 'Wofford', 'N/A', 'L', '56', '80'], 24: ['Mon, Feb 22', 'UNC Greensboro', 'N/A', 'L', '56', '77'], 25: ['Wed, Feb 24', 'UNC Greensboro', 'N/A', 'W', '81', '80'], 26: ['Sat, Feb 27', 'Mercer', 'N/A', 'W', '85', '61'], 27: ['Fri, Mar 5', 'The Citadel', 'N/A', 'L', '86', '100']}",0.5471591646719649
Wofford,283,2747,Terriers,15,9,0.625,"{1: ['Wed, Nov 25', 'Falls', 'N/A', 'W', '88', '49'], 2: ['Sat, Nov 28', 'College', 'N/A', 'W', '111', '37'], 3: ['Mon, Dec 7', 'Richmond', '19', 'L', '72', '77'], 4: ['Sat, Dec 12', 'South Florida', 'N/A', 'L', '56', '58'], 5: ['Tue, Dec 15', 'Coastal Carolina', 'N/A', 'W', '88', '77'], 6: ['Mon, Dec 21', 'Texas A&M', 'N/A', 'L', '52', '70'], 7: ['Tue, Dec 29', 'Mercer', 'N/A', 'W', '78', '65'], 8: ['Sat, Jan 2', 'Samford', 'N/A', 'W', '94', '84'], 9: ['Wed, Jan 6', 'UNC Greensboro', 'N/A', 'L', '75', '84'], 10: ['Sat, Jan 9', 'UNC Greensboro', 'N/A', 'W', '48', '45'], 11: ['Wed, Jan 13', 'VMI', 'N/A', 'W', '80', '78'], 12: ['Sat, Jan 16', 'Chattanooga', 'N/A', 'W', '77', '59'], 13: ['Sat, Jan 23', 'Western Carolina', 'N/A', 'W', '91', '78'], 14: ['Wed, Jan 27', 'The Citadel', 'N/A', 'L', '69', '77'], 15: ['Sat, Jan 30', 'Mercer', 'N/A', 'W', '72', '69'], 16: ['Mon, Feb 1', 'East Tennessee State', 'N/A', 'W', '67', '62'], 17: ['Wed, Feb 3', 'VMI', 'N/A', 'L', '80', '84'], 18: ['Sat, Feb 6', 'Furman', 'N/A', 'W', '75', '67'], 19: ['Wed, Feb 10', 'Chattanooga', 'N/A', 'L', '66', '78'], 20: ['Sat, Feb 13', 'East Tennessee State', 'N/A', 'L', '49', '71'], 21: ['Wed, Feb 17', 'The Citadel', 'N/A', 'W', '81', '67'], 22: ['Sat, Feb 20', 'Western Carolina', 'N/A', 'W', '80', '56'], 23: ['Sat, Feb 27', 'Furman', 'N/A', 'W', '74', '73'], 24: ['Sat, Mar 6', 'Mercer', 'N/A', 'L', '61', '62']}",0.5759472637474402
Abilene Christian,284,2000,Wildcats,24,4,0.8571428571428571,"{1: ['Sat, Mar 20', 'Texas', '3', 'W', '53', '52'], 2: ['Wed, Nov 25', 'East Tennessee State', 'N/A', 'W', '70', '47'], 3: ['Fri, Nov 27', 'Austin Peay', 'N/A', 'W', '80', '72'], 4: ['Sat, Nov 28', 'Omaha', 'N/A', 'W', '70', '58'], 5: ['Tue, Dec 1', 'Payne', 'N/A', 'W', '81', '51'], 6: ['Sat, Dec 5', 'Tarleton', 'N/A', 'W', '69', '48'], 7: ['Wed, Dec 9', 'Texas Tech', '17', 'L', '44', '51'], 8: ['Sat, Dec 12', '', 'N/A', 'W', '83', '46'], 9: ['Wed, Dec 16', '', 'N/A', 'W', '95', '73'], 10: ['Tue, Dec 22', 'Arkansas', 'N/A', 'L', '72', '85'], 11: ['Tue, Dec 29', 'Christian', 'N/A', 'W', '82', '44'], 12: ['Sat, Jan 2', 'Lamar', 'N/A', 'W', '83', '65'], 13: ['Wed, Jan 6', 'Houston Baptist', 'N/A', 'W', '66', '63'], 14: ['Sat, Jan 16', 'SE Louisiana', 'N/A', 'W', '76', '42'], 15: ['Wed, Jan 20', 'Sam Houston State', 'N/A', 'L', '57', '64'], 16: ['Sat, Jan 23', 'Central Arkansas', 'N/A', 'W', '93', '58'], 17: ['Wed, Jan 27', 'Stephen F. Austin', 'N/A', 'W', '82', '62'], 18: ['Sat, Jan 30', 'Incarnate Word', 'N/A', 'W', '75', '67'], 19: ['Sat, Feb 6', 'Lamar', 'N/A', 'W', '77', '62'], 20: ['Mon, Feb 8', 'Texas A&M-CC', 'N/A', 'W', '82', '69'], 21: ['Wed, Feb 10', 'Houston Baptist', 'N/A', 'W', '88', '59'], 22: ['Sat, Feb 13', 'Texas A&M-CC', 'N/A', 'W', '83', '55'], 23: ['Wed, Feb 24', 'Sam Houston State', 'N/A', 'W', '86', '72'], 24: ['Sat, Feb 27', 'Central Arkansas', 'N/A', 'L', '82', '84'], 25: ['Wed, Mar 3', 'Stephen F. Austin', 'N/A', 'W', '63', '61'], 26: ['Sat, Mar 6', 'Incarnate Word', 'N/A', 'W', '85', '60'], 27: ['Fri, Mar 12', 'Lamar', 'N/A', 'W', '93', '71'], 28: ['Sat, Mar 13', 'Nicholls', 'N/A', 'W', '79', '45']}",0.5125905503606655
Central Arkansas,285,2110,Bears,5,19,0.20833333333333331,"{1: ['Fri, Dec 4', 'Memphis', 'N/A', 'L', '68', '85'], 2: ['Sun, Dec 6', 'Little Rock', 'N/A', 'L', '83', '86'], 3: ['Tue, Dec 8', 'Saint Louis', 'N/A', 'L', '65', '88'], 4: ['Sat, Dec 12', 'Arkansas', 'N/A', 'L', '75', '100'], 5: ['Mon, Dec 14', 'Ole Miss', 'N/A', 'L', '54', '68'], 6: ['Wed, Dec 16', 'Mississippi State', 'N/A', 'L', '65', '81'], 7: ['Sat, Dec 19', 'Christian College', 'N/A', 'W', '92', '28'], 8: ['Tue, Dec 29', 'Baylor', '2', 'L', '56', '93'], 9: ['Sat, Jan 2', 'McNeese', 'N/A', 'W', '81', '67'], 10: ['Wed, Jan 6', 'New Orleans', 'N/A', 'W', '83', '79'], 11: ['Sat, Jan 9', 'Sam Houston State', 'N/A', 'L', '80', '91'], 12: ['Wed, Jan 13', 'Stephen F. Austin', 'N/A', 'L', '69', '95'], 13: ['Sat, Jan 16', 'Nicholls', 'N/A', 'L', '72', '74'], 14: ['Sat, Jan 23', 'Abilene Christian', 'N/A', 'L', '58', '93'], 15: ['Wed, Jan 27', 'SE Louisiana', 'N/A', 'L', '57', '69'], 16: ['Sat, Jan 30', 'Northwestern State', 'N/A', 'L', '77', '81'], 17: ['Sat, Feb 6', 'McNeese', 'N/A', 'L', '70', '80'], 18: ['Sat, Feb 13', 'Sam Houston State', 'N/A', 'L', '57', '97'], 19: ['Sat, Feb 20', 'Nicholls', 'N/A', 'L', '68', '79'], 20: ['Mon, Feb 22', 'New Orleans', 'N/A', 'L', '63', '88'], 21: ['Sat, Feb 27', 'Abilene Christian', 'N/A', 'W', '84', '82'], 22: ['Mon, Mar 1', 'Stephen F. Austin', 'N/A', 'L', '66', '79'], 23: ['Wed, Mar 3', 'SE Louisiana', 'N/A', 'W', '88', '71'], 24: ['Sat, Mar 6', 'Northwestern State', 'N/A', 'L', '70', '79']}",0.638963441356245
Houston Baptist,286,2277,Huskies,6,19,0.24,"{1: ['Wed, Nov 25', 'TCU', 'N/A', 'L', '45', '69'], 2: ['Sun, Nov 29', 'Arizona State', '18', 'L', '77', '100'], 3: ['Wed, Dec 2', 'SMU', 'N/A', 'L', '75', '102'], 4: ['Sat, Dec 5', 'Rice', 'N/A', 'L', '64', '86'], 5: ['Fri, Dec 11', 'Christian College', 'N/A', 'W', '93', '60'], 6: ['Tue, Dec 15', 'Rice', 'N/A', 'L', '79', '90'], 7: ['Thu, Dec 17', 'North Texas', 'N/A', 'L', '55', '85'], 8: ['Sat, Dec 19', 'Oklahoma', 'N/A', 'L', '65', '84'], 9: ['Sat, Jan 2', 'Northwestern State', 'N/A', 'W', '99', '93'], 10: ['Wed, Jan 6', 'Abilene Christian', 'N/A', 'L', '63', '66'], 11: ['Sat, Jan 9', 'Lamar', 'N/A', 'L', '65', '71'], 12: ['Sat, Jan 16', 'Sam Houston State', 'N/A', 'L', '80', '87'], 13: ['Wed, Jan 20', 'Nicholls', 'N/A', 'L', '83', '92'], 14: ['Sat, Jan 23', 'McNeese', 'N/A', 'L', '71', '74'], 15: ['Wed, Jan 27', 'Incarnate Word', 'N/A', 'W', '73', '57'], 16: ['Wed, Feb 10', 'Abilene Christian', 'N/A', 'L', '59', '88'], 17: ['Sat, Feb 13', 'Lamar', 'N/A', 'W', '80', '75'], 18: ['Mon, Feb 22', 'Northwestern State', 'N/A', 'L', '80', '86'], 19: ['Wed, Feb 24', 'Nicholls', 'N/A', 'L', '68', '83'], 20: ['Sat, Feb 27', 'McNeese', 'N/A', 'L', '58', '85'], 21: ['Mon, Mar 1', 'Sam Houston State', 'N/A', 'L', '70', '83'], 22: ['Wed, Mar 3', 'Incarnate Word', 'N/A', 'W', '72', '67'], 23: ['Sat, Mar 6', 'Texas A&M-CC', 'N/A', 'L', '70', '94'], 24: ['Tue, Mar 9', 'Incarnate Word', 'N/A', 'W', '80', '68'], 25: ['Wed, Mar 10', 'Lamar', 'N/A', 'L', '52', '62']}",0.5303387803598251
Incarnate Word,287,2916,Cardinals,8,14,0.3636363636363637,"{1: ['Fri, Nov 27', 'Rice', 'N/A', 'L', '53', '68'], 2: ['Sun, Nov 29', 'Lady of the Lake', 'N/A', 'W', '84', '71'], 3: ['Wed, Dec 2', 'Wyoming', 'N/A', 'L', '83', '94'], 4: ['Sat, Dec 5', 'Texas State', 'N/A', 'L', '64', '72'], 5: ['Tue, Dec 29', 'Texas Tech', '13', 'L', '51', '79'], 6: ['Thu, Dec 31', '', 'N/A', 'W', '92', '71'], 7: ['Fri, Jan 1', '', 'N/A', 'W', '81', '54'], 8: ['Wed, Jan 6', 'Northwestern State', 'N/A', 'W', '75', '67'], 9: ['Sat, Jan 9', 'New Orleans', 'N/A', 'L', '64', '86'], 10: ['Wed, Jan 13', 'McNeese', 'N/A', 'W', '83', '61'], 11: ['Sat, Jan 16', 'Stephen F. Austin', 'N/A', 'L', '65', '83'], 12: ['Sat, Jan 23', 'Texas A&M-CC', 'N/A', 'W', '72', '53'], 13: ['Wed, Jan 27', 'Houston Baptist', 'N/A', 'L', '57', '73'], 14: ['Sat, Jan 30', 'Abilene Christian', 'N/A', 'L', '67', '75'], 15: ['Wed, Feb 3', 'Lamar', 'N/A', 'W', '67', '58'], 16: ['Sat, Feb 6', 'Texas A&M-CC', 'N/A', 'W', '58', '53'], 17: ['Wed, Feb 10', 'Northwestern State', 'N/A', 'L', '67', '68'], 18: ['Wed, Feb 24', 'Lamar', 'N/A', 'L', '45', '67'], 19: ['Mon, Mar 1', 'New Orleans', 'N/A', 'L', '72', '88'], 20: ['Wed, Mar 3', 'Houston Baptist', 'N/A', 'L', '67', '72'], 21: ['Sat, Mar 6', 'Abilene Christian', 'N/A', 'L', '60', '85'], 22: ['Tue, Mar 9', 'Houston Baptist', 'N/A', 'L', '68', '80']}",0.4900439028605998
Lamar,288,2320,Cardinals,10,18,0.35714285714285715,"{1: ['Wed, Nov 25', 'Houston', '17', 'L', '45', '89'], 2: ['Fri, Nov 27', 'Tulane', 'N/A', 'L', '57', '66'], 3: ['Sat, Nov 28', 'Lipscomb', 'N/A', 'L', '73', '76'], 4: ['Sat, Dec 5', 'Air Force', 'N/A', 'L', '44', '59'], 5: ['Wed, Dec 9', 'UL Monroe', 'N/A', 'W', '63', '60'], 6: ['Tue, Dec 15', 'Southern Miss', 'N/A', 'L', '63', '66'], 7: ['Sat, Dec 19', 'Louisiana Tech', 'N/A', 'L', '57', '86'], 8: ['Tue, Dec 22', 'UTSA', 'N/A', 'L', '66', '88'], 9: ['Tue, Dec 29', 'SE Louisiana', 'N/A', 'W', '74', '64'], 10: ['Sat, Jan 2', 'Abilene Christian', 'N/A', 'L', '65', '83'], 11: ['Wed, Jan 6', 'Nicholls', 'N/A', 'L', '69', '76'], 12: ['Sat, Jan 9', 'Houston Baptist', 'N/A', 'W', '71', '65'], 13: ['Wed, Jan 13', 'Sam Houston State', 'N/A', 'L', '71', '96'], 14: ['Sat, Jan 23', 'Stephen F. Austin', 'N/A', 'L', '72', '102'], 15: ['Sat, Jan 30', 'McNeese', 'N/A', 'W', '64', '56'], 16: ['Wed, Feb 3', 'Incarnate Word', 'N/A', 'L', '58', '67'], 17: ['Sat, Feb 6', 'Abilene Christian', 'N/A', 'L', '62', '77'], 18: ['Wed, Feb 10', 'Nicholls', 'N/A', 'L', '71', '76'], 19: ['Sat, Feb 13', 'Houston Baptist', 'N/A', 'L', '75', '80'], 20: ['Sat, Feb 20', 'Texas A&M-CC', 'N/A', 'L', '68', '77'], 21: ['Mon, Feb 22', 'Sam Houston State', 'N/A', 'L', '71', '77'], 22: ['Wed, Feb 24', 'Incarnate Word', 'N/A', 'W', '67', '45'], 23: ['Sat, Feb 27', 'Stephen F. Austin', 'N/A', 'W', '88', '83'], 24: ['Mon, Mar 1', 'Texas A&M-CC', 'N/A', 'W', '66', '47'], 25: ['Sat, Mar 6', 'McNeese', 'N/A', 'W', '60', '51'], 26: ['Wed, Mar 10', 'Houston Baptist', 'N/A', 'W', '62', '52'], 27: ['Thu, Mar 11', 'Sam Houston State', 'N/A', 'W', '70', '69'], 28: ['Fri, Mar 12', 'Abilene Christian', 'N/A', 'L', '71', '93']}",0.5349959735298138
McNeese,289,2377,Cowboys,10,14,0.4166666666666667,"{1: ['Wed, Nov 25', 'Nebraska', 'N/A', 'L', '55', '102'], 2: ['Wed, Dec 2', 'Christian', 'N/A', 'W', '140', '37'], 3: ['Fri, Dec 4', 'Stephen F. Austin', 'N/A', 'L', '76', '86'], 4: ['Sat, Dec 12', 'College', 'N/A', 'W', '96', '53'], 5: ['Mon, Dec 14', 'Baptist', 'N/A', 'W', '110', '64'], 6: ['Tue, Dec 15', 'Baptist', 'N/A', 'W', '114', '50'], 7: ['Sat, Dec 19', 'Louisiana', 'N/A', 'L', '65', '75'], 8: ['Tue, Dec 29', 'Christian College', 'N/A', 'W', '94', '36'], 9: ['Wed, Dec 30', 'Christian College', 'N/A', 'W', '91', '76'], 10: ['Sat, Jan 2', 'Central Arkansas', 'N/A', 'L', '67', '81'], 11: ['Sat, Jan 9', 'Northwestern State', 'N/A', 'L', '75', '78'], 12: ['Wed, Jan 13', 'Incarnate Word', 'N/A', 'L', '61', '83'], 13: ['Sat, Jan 16', 'New Orleans', 'N/A', 'L', '84', '99'], 14: ['Wed, Jan 20', 'SE Louisiana', 'N/A', 'L', '88', '92'], 15: ['Sat, Jan 23', 'Houston Baptist', 'N/A', 'W', '74', '71'], 16: ['Wed, Jan 27', 'Nicholls', 'N/A', 'L', '69', '76'], 17: ['Sat, Jan 30', 'Lamar', 'N/A', 'L', '56', '64'], 18: ['Sat, Feb 6', 'Central Arkansas', 'N/A', 'W', '80', '70'], 19: ['Sat, Feb 13', 'Northwestern State', 'N/A', 'L', '66', '69'], 20: ['Wed, Feb 24', 'SE Louisiana', 'N/A', 'W', '95', '91'], 21: ['Sat, Feb 27', 'Houston Baptist', 'N/A', 'W', '85', '58'], 22: ['Thu, Mar 4', 'Nicholls', 'N/A', 'L', '67', '80'], 23: ['Sat, Mar 6', 'Lamar', 'N/A', 'L', '51', '60'], 24: ['Tue, Mar 9', 'SE Louisiana', 'N/A', 'L', '68', '71']}",0.39840536290727857
New Orleans,290,2443,Privateers,10,15,0.4,"{1: ['Thu, Nov 26', 'BYU', 'N/A', 'L', '61', '86'], 2: ['Sun, Nov 29', 'Texas A&M', 'N/A', 'L', '53', '82'], 3: ['Wed, Dec 2', 'Louisiana', 'N/A', 'L', '63', '66'], 4: ['Tue, Dec 8', 'National', 'N/A', 'W', '74', '57'], 5: ['Wed, Dec 9', 'Campbell', 'N/A', 'L', '70', '79'], 6: ['Thu, Dec 10', 'Jacksonville', 'N/A', 'L', '70', '77'], 7: ['Tue, Dec 15', 'Louisiana', 'N/A', 'L', '63', '73'], 8: ['Mon, Dec 21', 'Rice', 'N/A', 'L', '62', '73'], 9: ['Sat, Jan 2', 'Stephen F. Austin', 'N/A', 'L', '67', '78'], 10: ['Wed, Jan 6', 'Central Arkansas', 'N/A', 'L', '79', '83'], 11: ['Sat, Jan 9', 'Incarnate Word', 'N/A', 'W', '86', '64'], 12: ['Sat, Jan 16', 'McNeese', 'N/A', 'W', '99', '84'], 13: ['Wed, Jan 20', 'Texas A&M-CC', 'N/A', 'W', '87', '68'], 14: ['Sat, Jan 23', 'Nicholls', 'N/A', 'L', '62', '86'], 15: ['Wed, Jan 27', 'Northwestern State', 'N/A', 'L', '73', '81'], 16: ['Sat, Jan 30', 'SE Louisiana', 'N/A', 'L', '73', '79'], 17: ['Mon, Feb 15', 'Stephen F. Austin', 'N/A', 'L', '79', '89'], 18: ['Mon, Feb 22', 'Central Arkansas', 'N/A', 'W', '88', '63'], 19: ['Wed, Feb 24', 'Texas A&M-CC', 'N/A', 'W', '69', '61'], 20: ['Sat, Feb 27', 'Nicholls', 'N/A', 'L', '101', '105'], 21: ['Mon, Mar 1', 'Incarnate Word', 'N/A', 'W', '88', '72'], 22: ['Wed, Mar 3', 'Northwestern State', 'N/A', 'W', '92', '83'], 23: ['Sat, Mar 6', 'SE Louisiana', 'N/A', 'W', '81', '76'], 24: ['Wed, Mar 10', 'SE Louisiana', 'N/A', 'W', '80', '63'], 25: ['Thu, Mar 11', 'Northwestern State', 'N/A', 'L', '79', '82']}",0.46327687292486147
Nicholls,291,2447,Colonels,18,7,0.72,"{1: ['Wed, Nov 25', 'UC Davis', 'N/A', 'W', '101', '93'], 2: ['Fri, Nov 27', 'Idaho State', 'N/A', 'W', '70', '51'], 3: ['Sat, Nov 28', 'Santa Clara', 'N/A', 'L', '57', '73'], 4: ['Mon, Nov 30', 'California', 'N/A', 'L', '49', '60'], 5: ['Tue, Dec 1', ""Saint Mary's"", 'N/A', 'L', '50', '73'], 6: ['Sat, Dec 26', 'LSU', 'N/A', 'L', '80', '86'], 7: ['Sat, Jan 2', 'Sam Houston State', 'N/A', 'L', '81', '84'], 8: ['Wed, Jan 6', 'Lamar', 'N/A', 'W', '76', '69'], 9: ['Sat, Jan 9', 'SE Louisiana', 'N/A', 'W', '87', '67'], 10: ['Wed, Jan 13', 'Northwestern State', 'N/A', 'W', '76', '66'], 11: ['Sat, Jan 16', 'Central Arkansas', 'N/A', 'W', '74', '72'], 12: ['Wed, Jan 20', 'Houston Baptist', 'N/A', 'W', '92', '83'], 13: ['Sat, Jan 23', 'New Orleans', 'N/A', 'W', '86', '62'], 14: ['Sun, Jan 24', 'College', 'N/A', 'W', '105', '60'], 15: ['Wed, Jan 27', 'McNeese', 'N/A', 'W', '76', '69'], 16: ['Sat, Feb 6', 'Sam Houston State', 'N/A', 'L', '71', '78'], 17: ['Wed, Feb 10', 'Lamar', 'N/A', 'W', '76', '71'], 18: ['Sat, Feb 13', 'SE Louisiana', 'N/A', 'W', '86', '84'], 19: ['Sat, Feb 20', 'Central Arkansas', 'N/A', 'W', '79', '68'], 20: ['Wed, Feb 24', 'Houston Baptist', 'N/A', 'W', '83', '68'], 21: ['Sat, Feb 27', 'New Orleans', 'N/A', 'W', '105', '101'], 22: ['Mon, Mar 1', 'Northwestern State', 'N/A', 'W', '87', '71'], 23: ['Thu, Mar 4', 'McNeese', 'N/A', 'W', '80', '67'], 24: ['Fri, Mar 12', 'Northwestern State', 'N/A', 'W', '88', '76'], 25: ['Sat, Mar 13', 'Abilene Christian', 'N/A', 'L', '45', '79']}",0.4367232870896663
Northwestern State,292,2466,Demons,11,18,0.3793103448275862,"{1: ['Wed, Nov 25', 'Texas Tech', '14', 'L', '58', '101'], 2: ['Sat, Nov 28', 'UT Arlington', 'N/A', 'L', '71', '80'], 3: ['Sun, Nov 29', 'Louisiana Tech', 'N/A', 'L', '77', '91'], 4: ['Thu, Dec 3', 'TCU', 'N/A', 'L', '68', '74'], 5: ['Sun, Dec 6', 'UL Monroe', 'N/A', 'L', '83', '92'], 6: ['Sat, Dec 12', 'Christian College', 'N/A', 'W', '77', '44'], 7: ['Fri, Dec 18', 'Tulsa', 'N/A', 'L', '55', '82'], 8: ['Sat, Dec 19', 'Missouri State', 'N/A', 'L', '67', '94'], 9: ['Mon, Dec 21', 'Gonzaga', '1', 'L', '57', '95'], 10: ['Tue, Dec 22', 'Gonzaga', '1', 'L', '78', '95'], 11: ['Wed, Dec 23', 'Washington State', 'N/A', 'L', '52', '62'], 12: ['Sat, Jan 2', 'Houston Baptist', 'N/A', 'L', '93', '99'], 13: ['Wed, Jan 6', 'Incarnate Word', 'N/A', 'L', '67', '75'], 14: ['Sat, Jan 9', 'McNeese', 'N/A', 'W', '78', '75'], 15: ['Wed, Jan 13', 'Nicholls', 'N/A', 'L', '66', '76'], 16: ['Wed, Jan 20', 'Stephen F. Austin', 'N/A', 'L', '74', '86'], 17: ['Sat, Jan 23', 'SE Louisiana', 'N/A', 'W', '73', '68'], 18: ['Wed, Jan 27', 'New Orleans', 'N/A', 'W', '81', '73'], 19: ['Sat, Jan 30', 'Central Arkansas', 'N/A', 'W', '81', '77'], 20: ['Wed, Feb 10', 'Incarnate Word', 'N/A', 'W', '68', '67'], 21: ['Sat, Feb 13', 'McNeese', 'N/A', 'W', '69', '66'], 22: ['Mon, Feb 22', 'Houston Baptist', 'N/A', 'W', '86', '80'], 23: ['Wed, Feb 24', 'Stephen F. Austin', 'N/A', 'L', '57', '83'], 24: ['Sat, Feb 27', 'SE Louisiana', 'N/A', 'W', '79', '61'], 25: ['Mon, Mar 1', 'Nicholls', 'N/A', 'L', '71', '87'], 26: ['Wed, Mar 3', 'New Orleans', 'N/A', 'L', '83', '92'], 27: ['Sat, Mar 6', 'Central Arkansas', 'N/A', 'W', '79', '70'], 28: ['Thu, Mar 11', 'New Orleans', 'N/A', 'W', '82', '79'], 29: ['Fri, Mar 12', 'Nicholls', 'N/A', 'L', '76', '88']}",0.6071306844100269
SE Louisiana,293,2545,Lions,8,18,0.3076923076923077,"{1: ['Wed, Nov 25', 'Purdue Fort Wayne', 'N/A', 'L', '63', '67'], 2: ['Sat, Nov 28', 'UAB', 'N/A', 'L', '59', '84'], 3: ['Mon, Nov 30', 'LSU', 'N/A', 'L', '43', '96'], 4: ['Wed, Dec 2', 'California Baptist', 'N/A', 'W', '81', '80'], 5: ['Fri, Dec 4', 'California Baptist', 'N/A', 'L', '66', '83'], 6: ['Wed, Dec 9', 'Louisiana Tech', 'N/A', 'L', '69', '78'], 7: ['Tue, Dec 15', 'Texas A&M', 'N/A', 'L', '52', '69'], 8: ['Wed, Dec 23', 'Grambling', 'N/A', 'W', '77', '70'], 9: ['Tue, Dec 29', 'Lamar', 'N/A', 'L', '64', '74'], 10: ['Wed, Jan 6', 'Sam Houston State', 'N/A', 'L', '52', '70'], 11: ['Sat, Jan 9', 'Nicholls', 'N/A', 'L', '67', '87'], 12: ['Wed, Jan 13', 'Texas A&M-CC', 'N/A', 'W', '76', '63'], 13: ['Sat, Jan 16', 'Abilene Christian', 'N/A', 'L', '42', '76'], 14: ['Wed, Jan 20', 'McNeese', 'N/A', 'W', '92', '88'], 15: ['Sat, Jan 23', 'Northwestern State', 'N/A', 'L', '68', '73'], 16: ['Wed, Jan 27', 'Central Arkansas', 'N/A', 'W', '69', '57'], 17: ['Sat, Jan 30', 'New Orleans', 'N/A', 'W', '79', '73'], 18: ['Wed, Feb 10', 'Sam Houston State', 'N/A', 'L', '61', '79'], 19: ['Sat, Feb 13', 'Nicholls', 'N/A', 'L', '84', '86'], 20: ['Mon, Feb 22', 'Texas A&M-CC', 'N/A', 'W', '78', '75'], 21: ['Wed, Feb 24', 'McNeese', 'N/A', 'L', '91', '95'], 22: ['Sat, Feb 27', 'Northwestern State', 'N/A', 'L', '61', '79'], 23: ['Wed, Mar 3', 'Central Arkansas', 'N/A', 'L', '71', '88'], 24: ['Sat, Mar 6', 'New Orleans', 'N/A', 'L', '76', '81'], 25: ['Tue, Mar 9', 'McNeese', 'N/A', 'W', '71', '68'], 26: ['Wed, Mar 10', 'New Orleans', 'N/A', 'L', '63', '80']}",0.4873807967810967
Sam Houston State,294,2534,Bearkats,19,9,0.6785714285714286,"{1: ['Wed, Nov 25', 'SMU', 'N/A', 'L', '67', '97'], 2: ['Fri, Nov 27', 'Texas Tech', '14', 'L', '52', '84'], 3: ['Sun, Nov 29', 'Boise State', 'N/A', 'L', '55', '86'], 4: ['Fri, Dec 4', 'Christian', 'N/A', 'W', '117', '42'], 5: ['Sun, Dec 6', 'Payne', 'N/A', 'W', '117', '54'], 6: ['Thu, Dec 10', 'Tourneau', 'N/A', 'W', '107', '65'], 7: ['Mon, Dec 14', 'LSU', 'N/A', 'L', '66', '88'], 8: ['Wed, Dec 16', 'Texas', '11', 'L', '63', '79'], 9: ['Sat, Dec 19', 'Rice', 'N/A', 'W', '82', '69'], 10: ['Mon, Dec 21', 'UT Rio Grande Valley', 'N/A', 'W', '69', '66'], 11: ['Tue, Dec 29', 'Hardin-Baylor', 'N/A', 'W', '101', '59'], 12: ['Sat, Jan 2', 'Nicholls', 'N/A', 'W', '84', '81'], 13: ['Wed, Jan 6', 'SE Louisiana', 'N/A', 'W', '70', '52'], 14: ['Sat, Jan 9', 'Central Arkansas', 'N/A', 'W', '91', '80'], 15: ['Wed, Jan 13', 'Lamar', 'N/A', 'W', '96', '71'], 16: ['Sat, Jan 16', 'Houston Baptist', 'N/A', 'W', '87', '80'], 17: ['Wed, Jan 20', 'Abilene Christian', 'N/A', 'W', '64', '57'], 18: ['Wed, Jan 27', 'Texas A&M-CC', 'N/A', 'W', '75', '70'], 19: ['Sun, Jan 31', 'Stephen F. Austin', 'N/A', 'L', '68', '78'], 20: ['Sat, Feb 6', 'Nicholls', 'N/A', 'W', '78', '71'], 21: ['Wed, Feb 10', 'SE Louisiana', 'N/A', 'W', '79', '61'], 22: ['Sat, Feb 13', 'Central Arkansas', 'N/A', 'W', '97', '57'], 23: ['Mon, Feb 22', 'Lamar', 'N/A', 'W', '77', '71'], 24: ['Wed, Feb 24', 'Abilene Christian', 'N/A', 'L', '72', '86'], 25: ['Mon, Mar 1', 'Houston Baptist', 'N/A', 'W', '83', '70'], 26: ['Wed, Mar 3', 'Texas A&M-CC', 'N/A', 'W', '84', '61'], 27: ['Sat, Mar 6', 'Stephen F. Austin', 'N/A', 'L', '59', '64'], 28: ['Thu, Mar 11', 'Lamar', 'N/A', 'L', '69', '70']}",0.5516645658227097
Stephen F. Austin,295,2617,Lumberjacks,16,5,0.7619047619047619,"{1: ['Tue, Dec 1', 'Tourneau', 'N/A', 'W', '102', '57'], 2: ['Fri, Dec 4', 'McNeese', 'N/A', 'W', '86', '76'], 3: ['Sun, Dec 6', 'Alexandria', 'N/A', 'W', '97', '79'], 4: ['Wed, Dec 9', 'Baylor', '2', 'L', '52', '83'], 5: ['Sat, Dec 12', 'UL Monroe', 'N/A', 'L', '55', '66'], 6: ['Sat, Jan 2', 'New Orleans', 'N/A', 'W', '78', '67'], 7: ['Fri, Jan 8', 'State', 'N/A', 'W', '87', '71'], 8: ['Wed, Jan 13', 'Central Arkansas', 'N/A', 'W', '95', '69'], 9: ['Sat, Jan 16', 'Incarnate Word', 'N/A', 'W', '83', '65'], 10: ['Wed, Jan 20', 'Northwestern State', 'N/A', 'W', '86', '74'], 11: ['Sat, Jan 23', 'Lamar', 'N/A', 'W', '102', '72'], 12: ['Wed, Jan 27', 'Abilene Christian', 'N/A', 'L', '62', '82'], 13: ['Sun, Jan 31', 'Sam Houston State', 'N/A', 'W', '78', '68'], 14: ['Wed, Feb 3', 'Texas A&M-CC', 'N/A', 'W', '84', '75'], 15: ['Wed, Feb 10', 'Texas A&M-CC', 'N/A', 'W', '80', '68'], 16: ['Mon, Feb 15', 'New Orleans', 'N/A', 'W', '89', '79'], 17: ['Wed, Feb 24', 'Northwestern State', 'N/A', 'W', '83', '57'], 18: ['Sat, Feb 27', 'Lamar', 'N/A', 'L', '83', '88'], 19: ['Mon, Mar 1', 'Central Arkansas', 'N/A', 'W', '79', '66'], 20: ['Wed, Mar 3', 'Abilene Christian', 'N/A', 'L', '61', '63'], 21: ['Sat, Mar 6', 'Sam Houston State', 'N/A', 'W', '64', '59']}",0.5114599461840841
Texas A&M-CC,296,357,Islanders,5,19,0.20833333333333331,"{1: ['Wed, Nov 25', 'A&M-International', 'N/A', 'W', '64', '53'], 2: ['Sat, Nov 28', 'Texas State', 'N/A', 'L', '63', '75'], 3: ['Mon, Nov 30', 'SMU', 'N/A', 'L', '54', '91'], 4: ['Wed, Dec 2', 'UT Rio Grande Valley', 'N/A', 'L', '59', '62'], 5: ['Thu, Dec 10', 'UT Rio Grande Valley', 'N/A', 'L', '64', '68'], 6: ['Sat, Dec 12', 'Texas Tech', '17', 'L', '57', '77'], 7: ['Tue, Dec 15', 'Texas State', 'N/A', 'L', '46', '51'], 8: ['Sat, Dec 19', 'Lady of the Lake', 'N/A', 'W', '99', '72'], 9: ['Tue, Dec 22', 'Quinn', 'N/A', 'W', '59', '35'], 10: ['Wed, Jan 13', 'SE Louisiana', 'N/A', 'L', '63', '76'], 11: ['Wed, Jan 20', 'New Orleans', 'N/A', 'L', '68', '87'], 12: ['Sat, Jan 23', 'Incarnate Word', 'N/A', 'L', '53', '72'], 13: ['Wed, Jan 27', 'Sam Houston State', 'N/A', 'L', '70', '75'], 14: ['Wed, Feb 3', 'Stephen F. Austin', 'N/A', 'L', '75', '84'], 15: ['Sat, Feb 6', 'Incarnate Word', 'N/A', 'L', '53', '58'], 16: ['Mon, Feb 8', 'Abilene Christian', 'N/A', 'L', '69', '82'], 17: ['Wed, Feb 10', 'Stephen F. Austin', 'N/A', 'L', '68', '80'], 18: ['Sat, Feb 13', 'Abilene Christian', 'N/A', 'L', '55', '83'], 19: ['Sat, Feb 20', 'Lamar', 'N/A', 'W', '77', '68'], 20: ['Mon, Feb 22', 'SE Louisiana', 'N/A', 'L', '75', '78'], 21: ['Wed, Feb 24', 'New Orleans', 'N/A', 'L', '61', '69'], 22: ['Mon, Mar 1', 'Lamar', 'N/A', 'L', '47', '66'], 23: ['Wed, Mar 3', 'Sam Houston State', 'N/A', 'L', '61', '84'], 24: ['Sat, Mar 6', 'Houston Baptist', 'N/A', 'W', '94', '70']}",0.5592046691397909
Alabama A&M,297,2010,Bulldogs,6,9,0.4,"{1: ['Sun, Nov 29', 'Samford', 'N/A', 'W', '78', '76'], 2: ['Sat, Dec 19', 'South Alabama', 'N/A', 'W', '93', '90'], 3: ['Sat, Jan 16', 'Alabama State', 'N/A', 'W', '70', '63'], 4: ['Sat, Jan 23', 'Southern', 'N/A', 'W', '68', '58'], 5: ['Sat, Jan 30', 'Prairie View A&M', 'N/A', 'L', '57', '79'], 6: ['Mon, Feb 1', 'Texas Southern', 'N/A', 'L', '49', '66'], 7: ['Sat, Feb 6', 'Mississippi Valley State', 'N/A', 'W', '93', '58'], 8: ['Mon, Feb 8', 'Arkansas-Pine Bluff', 'N/A', 'W', '56', '55'], 9: ['Sat, Feb 13', 'Alabama State', 'N/A', 'L', '58', '72'], 10: ['Mon, Feb 22', 'Alcorn State', 'N/A', 'L', '52', '65'], 11: ['Wed, Feb 24', 'Southern', 'N/A', 'L', '57', '73'], 12: ['Sat, Feb 27', 'Prairie View A&M', 'N/A', 'L', '54', '55'], 13: ['Mon, Mar 1', 'Texas Southern', 'N/A', 'L', '58', '68'], 14: ['Thu, Mar 4', 'Jackson State', 'N/A', 'L', '35', '50'], 15: ['Sat, Mar 6', 'Grambling', 'N/A', 'L', '72', '80']}",0.45111822290769665
Alabama State,298,2011,Hornets,4,14,0.2222222222222222,"{1: ['Sat, Jan 2', 'Grambling', 'N/A', 'L', '49', '66'], 2: ['Mon, Jan 4', 'Jackson State', 'N/A', 'L', '44', '60'], 3: ['Sat, Jan 9', 'Arkansas-Pine Bluff', 'N/A', 'L', '82', '91'], 4: ['Tue, Jan 12', 'Mississippi Valley State', 'N/A', 'W', '64', '51'], 5: ['Sat, Jan 16', 'Alabama A&M', 'N/A', 'L', '63', '70'], 6: ['Sat, Jan 23', 'Alcorn State', 'N/A', 'L', '52', '57'], 7: ['Mon, Jan 25', 'Southern', 'N/A', 'W', '66', '64'], 8: ['Sat, Jan 30', 'Texas Southern', 'N/A', 'L', '73', '80'], 9: ['Mon, Feb 1', 'Prairie View A&M', 'N/A', 'L', '63', '87'], 10: ['Sat, Feb 6', 'Arkansas-Pine Bluff', 'N/A', 'W', '73', '67'], 11: ['Mon, Feb 8', 'Mississippi Valley State', 'N/A', 'L', '65', '68'], 12: ['Sat, Feb 13', 'Alabama A&M', 'N/A', 'W', '72', '58'], 13: ['Mon, Feb 22', 'Southern', 'N/A', 'L', '66', '75'], 14: ['Wed, Feb 24', 'Alcorn State', 'N/A', 'L', '59', '68'], 15: ['Sat, Feb 27', 'Texas Southern', 'N/A', 'L', '76', '86'], 16: ['Mon, Mar 1', 'Prairie View A&M', 'N/A', 'L', '67', '70'], 17: ['Thu, Mar 4', 'Grambling', 'N/A', 'L', '68', '91'], 18: ['Sat, Mar 6', 'Jackson State', 'N/A', 'L', '54', '79']}",0.44028811344600816
Alcorn State,299,2016,Braves,6,13,0.3157894736842105,"{1: ['Wed, Nov 25', 'UAB', 'N/A', 'L', '50', '99'], 2: ['Sun, Dec 20', 'Houston', '6', 'L', '55', '88'], 3: ['Tue, Dec 22', 'Liberty', 'N/A', 'L', '65', '108'], 4: ['Sun, Dec 27', 'Vanderbilt', 'N/A', 'L', '59', '87'], 5: ['Wed, Dec 30', 'Baylor', '2', 'L', '76', '105'], 6: ['Tue, Jan 12', 'Grambling', 'N/A', 'L', '74', '79'], 7: ['Sat, Jan 16', 'Mississippi Valley State', 'N/A', 'W', '71', '59'], 8: ['Mon, Jan 18', 'Arkansas-Pine Bluff', 'N/A', 'W', '82', '48'], 9: ['Sat, Jan 23', 'Alabama State', 'N/A', 'W', '57', '52'], 10: ['Sat, Jan 30', 'Southern', 'N/A', 'L', '59', '76'], 11: ['Sat, Feb 6', 'Jackson State', 'N/A', 'L', '66', '74'], 12: ['Mon, Feb 8', 'Grambling', 'N/A', 'L', '62', '67'], 13: ['Sat, Feb 13', 'Mississippi Valley State', 'N/A', 'W', '70', '56'], 14: ['Mon, Feb 22', 'Alabama A&M', 'N/A', 'W', '65', '52'], 15: ['Wed, Feb 24', 'Alabama State', 'N/A', 'W', '68', '59'], 16: ['Sat, Feb 27', 'Southern', 'N/A', 'L', '75', '89'], 17: ['Thu, Mar 4', 'Texas Southern', 'N/A', 'L', '78', '80'], 18: ['Sat, Mar 6', 'Prairie View A&M', 'N/A', 'L', '69', '81'], 19: ['Thu, Mar 11', 'Texas Southern', 'N/A', 'L', '55', '78']}",0.6006914902314653
Arkansas-Pine Bluff,300,2029,Golden Lions,4,21,0.16,"{1: ['Wed, Nov 25', 'Marquette', 'N/A', 'L', '57', '99'], 2: ['Fri, Nov 27', 'Wisconsin', '7', 'L', '58', '92'], 3: ['Sun, Nov 29', 'Iowa State', 'N/A', 'L', '63', '80'], 4: ['Wed, Dec 2', 'Northwestern', 'N/A', 'L', '49', '92'], 5: ['Sat, Dec 5', 'Saint Louis', 'N/A', 'L', '54', '107'], 6: ['Wed, Dec 9', 'Arkansas State', 'N/A', 'W', '75', '74'], 7: ['Sat, Dec 12', 'Tulane', 'N/A', 'L', '56', '67'], 8: ['Tue, Dec 15', 'North Texas', 'N/A', 'L', '56', '81'], 9: ['Mon, Dec 21', 'Baylor', '2', 'L', '42', '99'], 10: ['Sat, Jan 2', 'Mississippi Valley State', 'N/A', 'W', '92', '52'], 11: ['Sat, Jan 9', 'Alabama State', 'N/A', 'W', '91', '82'], 12: ['Sat, Jan 16', 'Southern', 'N/A', 'L', '53', '88'], 13: ['Mon, Jan 18', 'Alcorn State', 'N/A', 'L', '48', '82'], 14: ['Sat, Jan 23', 'Texas Southern', 'N/A', 'L', '57', '66'], 15: ['Mon, Jan 25', 'Prairie View A&M', 'N/A', 'L', '56', '73'], 16: ['Sat, Jan 30', 'Grambling', 'N/A', 'L', '71', '74'], 17: ['Mon, Feb 1', 'Jackson State', 'N/A', 'L', '55', '63'], 18: ['Sat, Feb 6', 'Alabama State', 'N/A', 'L', '67', '73'], 19: ['Mon, Feb 8', 'Alabama A&M', 'N/A', 'L', '55', '56'], 20: ['Sat, Feb 13', 'Southern', 'N/A', 'L', '71', '73'], 21: ['Tue, Feb 23', 'Prairie View A&M', 'N/A', 'L', '56', '72'], 22: ['Thu, Feb 25', 'Texas Southern', 'N/A', 'L', '65', '79'], 23: ['Mon, Mar 1', 'Jackson State', 'N/A', 'L', '58', '64'], 24: ['Fri, Mar 5', 'Mississippi Valley State', 'N/A', 'W', '82', '59'], 25: ['Wed, Mar 10', 'Jackson State', 'N/A', 'L', '62', '74']}",0.5624997541599769
Grambling,301,2755,Tigers,12,12,0.5,"{1: ['Wed, Nov 25', 'Grand Canyon', 'N/A', 'L', '53', '69'], 2: ['Fri, Nov 27', 'Arizona', 'N/A', 'L', '55', '74'], 3: ['Thu, Dec 3', 'Texas Baptist', 'N/A', 'W', '68', '59'], 4: ['Sun, Dec 6', 'Texas Tech', '17', 'L', '40', '81'], 5: ['Wed, Dec 16', 'UL Monroe', 'N/A', 'W', '78', '61'], 6: ['Sat, Dec 19', 'Tulane', 'N/A', 'L', '65', '77'], 7: ['Wed, Dec 23', 'SE Louisiana', 'N/A', 'L', '70', '77'], 8: ['Sat, Jan 2', 'Alabama State', 'N/A', 'W', '66', '49'], 9: ['Sat, Jan 9', 'Southern', 'N/A', 'L', '55', '61'], 10: ['Tue, Jan 12', 'Alcorn State', 'N/A', 'W', '79', '74'], 11: ['Sat, Jan 16', 'Texas Southern', 'N/A', 'W', '78', '72'], 12: ['Mon, Jan 18', 'Prairie View A&M', 'N/A', 'L', '50', '59'], 13: ['Sat, Jan 23', 'Jackson State', 'N/A', 'L', '61', '75'], 14: ['Sat, Jan 30', 'Arkansas-Pine Bluff', 'N/A', 'W', '74', '71'], 15: ['Mon, Feb 1', 'Mississippi Valley State', 'N/A', 'W', '85', '72'], 16: ['Sat, Feb 6', 'Southern', 'N/A', 'W', '72', '69'], 17: ['Mon, Feb 8', 'Alcorn State', 'N/A', 'W', '67', '62'], 18: ['Sat, Feb 13', 'Texas Southern', 'N/A', 'L', '73', '75'], 19: ['Mon, Feb 22', 'Jackson State', 'N/A', 'L', '59', '63'], 20: ['Mon, Mar 1', 'Mississippi Valley State', 'N/A', 'L', '63', '67'], 21: ['Thu, Mar 4', 'Alabama State', 'N/A', 'W', '91', '68'], 22: ['Sat, Mar 6', 'Alabama A&M', 'N/A', 'W', '80', '72'], 23: ['Thu, Mar 11', 'Southern', 'N/A', 'W', '72', '67'], 24: ['Fri, Mar 12', 'Prairie View A&M', 'N/A', 'L', '63', '75']}",0.4617938237400943
Jackson State,302,2296,Tigers,12,6,0.6666666666666666,"{1: ['Tue, Dec 8', 'Mississippi State', 'N/A', 'L', '59', '82'], 2: ['Thu, Dec 10', 'Ole Miss', 'N/A', 'L', '45', '80'], 3: ['Tue, Dec 15', 'Louisiana Tech', 'N/A', 'L', '58', '85'], 4: ['Thu, Dec 17', 'Bradley', 'N/A', 'L', '60', '83'], 5: ['Sun, Dec 20', 'Iowa State', 'N/A', 'L', '45', '60'], 6: ['Mon, Jan 4', 'Alabama State', 'N/A', 'W', '60', '44'], 7: ['Sat, Jan 23', 'Grambling', 'N/A', 'W', '75', '61'], 8: ['Sat, Jan 30', 'Mississippi Valley State', 'N/A', 'W', '106', '56'], 9: ['Mon, Feb 1', 'Arkansas-Pine Bluff', 'N/A', 'W', '63', '55'], 10: ['Sat, Feb 6', 'Alcorn State', 'N/A', 'W', '74', '66'], 11: ['Mon, Feb 8', 'Southern', 'N/A', 'W', '57', '53'], 12: ['Mon, Feb 22', 'Grambling', 'N/A', 'W', '63', '59'], 13: ['Sat, Feb 27', 'Mississippi Valley State', 'N/A', 'W', '68', '54'], 14: ['Mon, Mar 1', 'Arkansas-Pine Bluff', 'N/A', 'W', '64', '58'], 15: ['Thu, Mar 4', 'Alabama A&M', 'N/A', 'W', '50', '35'], 16: ['Sat, Mar 6', 'Alabama State', 'N/A', 'W', '79', '54'], 17: ['Wed, Mar 10', 'Arkansas-Pine Bluff', 'N/A', 'W', '74', '62'], 18: ['Fri, Mar 12', 'Texas Southern', 'N/A', 'L', '81', '84']}",0.34761592925234797
Mississippi Valley State,303,2400,Delta Devils,2,22,0.08333333333333333,"{1: ['Wed, Nov 25', 'Arkansas', 'N/A', 'L', '62', '142'], 2: ['Thu, Nov 26', 'North Texas', 'N/A', 'L', '62', '116'], 3: ['Sat, Nov 28', 'Wyoming', 'N/A', 'L', '61', '97'], 4: ['Tue, Dec 1', 'Grand Canyon', 'N/A', 'L', '49', '88'], 5: ['Sun, Dec 6', 'Western Kentucky', 'N/A', 'L', '69', '96'], 6: ['Tue, Dec 8', 'Memphis', 'N/A', 'L', '57', '94'], 7: ['Sun, Dec 13', 'Vanderbilt', 'N/A', 'L', '41', '84'], 8: ['Mon, Dec 21', 'Mississippi State', 'N/A', 'L', '48', '87'], 9: ['Sat, Jan 2', 'Arkansas-Pine Bluff', 'N/A', 'L', '52', '92'], 10: ['Tue, Jan 12', 'Alabama State', 'N/A', 'L', '51', '64'], 11: ['Sat, Jan 16', 'Alcorn State', 'N/A', 'L', '59', '71'], 12: ['Mon, Jan 18', 'Southern', 'N/A', 'L', '61', '102'], 13: ['Sat, Jan 23', 'Prairie View A&M', 'N/A', 'L', '31', '77'], 14: ['Sat, Jan 30', 'Jackson State', 'N/A', 'L', '56', '106'], 15: ['Mon, Feb 1', 'Grambling', 'N/A', 'L', '72', '85'], 16: ['Sat, Feb 6', 'Alabama A&M', 'N/A', 'L', '58', '93'], 17: ['Mon, Feb 8', 'Alabama State', 'N/A', 'W', '68', '65'], 18: ['Sat, Feb 13', 'Alcorn State', 'N/A', 'L', '56', '70'], 19: ['Tue, Feb 23', 'Texas Southern', 'N/A', 'L', '45', '82'], 20: ['Thu, Feb 25', 'Prairie View A&M', 'N/A', 'L', '62', '82'], 21: ['Sat, Feb 27', 'Jackson State', 'N/A', 'L', '54', '68'], 22: ['Mon, Mar 1', 'Grambling', 'N/A', 'W', '67', '63'], 23: ['Fri, Mar 5', 'Arkansas-Pine Bluff', 'N/A', 'L', '59', '82'], 24: ['Wed, Mar 10', 'Prairie View A&M', 'N/A', 'L', '64', '91']}",0.5228459637341216
Prairie View A&M,304,2504,Panthers,16,5,0.7619047619047619,"{1: ['Wed, Nov 25', 'Little Rock', 'N/A', 'L', '66', '71'], 2: ['Fri, Nov 27', 'Evansville', 'N/A', 'W', '64', '61'], 3: ['Sun, Nov 29', 'Louisville', 'N/A', 'L', '64', '86'], 4: ['Mon, Dec 21', 'Washington State', 'N/A', 'L', '62', '90'], 5: ['Wed, Dec 30', 'TCU', 'N/A', 'L', '61', '66'], 6: ['Mon, Jan 11', 'Texas Southern', 'N/A', 'W', '73', '67'], 7: ['Mon, Jan 18', 'Grambling', 'N/A', 'W', '59', '50'], 8: ['Sat, Jan 23', 'Mississippi Valley State', 'N/A', 'W', '77', '31'], 9: ['Mon, Jan 25', 'Arkansas-Pine Bluff', 'N/A', 'W', '73', '56'], 10: ['Sat, Jan 30', 'Alabama A&M', 'N/A', 'W', '79', '57'], 11: ['Mon, Feb 1', 'Alabama State', 'N/A', 'W', '87', '63'], 12: ['Sun, Feb 21', 'Texas Southern', 'N/A', 'W', '77', '75'], 13: ['Tue, Feb 23', 'Arkansas-Pine Bluff', 'N/A', 'W', '72', '56'], 14: ['Thu, Feb 25', 'Mississippi Valley State', 'N/A', 'W', '82', '62'], 15: ['Sat, Feb 27', 'Alabama A&M', 'N/A', 'W', '55', '54'], 16: ['Mon, Mar 1', 'Alabama State', 'N/A', 'W', '70', '67'], 17: ['Thu, Mar 4', 'Southern', 'N/A', 'W', '68', '61'], 18: ['Sat, Mar 6', 'Alcorn State', 'N/A', 'W', '81', '69'], 19: ['Wed, Mar 10', 'Mississippi Valley State', 'N/A', 'W', '91', '64'], 20: ['Fri, Mar 12', 'Grambling', 'N/A', 'W', '75', '63'], 21: ['Sat, Mar 13', 'Texas Southern', 'N/A', 'L', '61', '80']}",0.3774266149704747
Southern,305,2582,Jaguars,8,11,0.42105263157894735,"{1: ['Thu, Nov 26', 'North Carolina Central', 'N/A', 'L', '78', '85'], 2: ['Fri, Nov 27', 'Iowa', '5', 'L', '76', '103'], 3: ['Wed, Dec 9', 'Arkansas', 'N/A', 'L', '44', '79'], 4: ['Wed, Dec 16', 'UAB', 'N/A', 'L', '46', '88'], 5: ['Sat, Jan 9', 'Grambling', 'N/A', 'W', '61', '55'], 6: ['Sat, Jan 16', 'Arkansas-Pine Bluff', 'N/A', 'W', '88', '53'], 7: ['Mon, Jan 18', 'Mississippi Valley State', 'N/A', 'W', '102', '61'], 8: ['Sat, Jan 23', 'Alabama A&M', 'N/A', 'L', '58', '68'], 9: ['Mon, Jan 25', 'Alabama State', 'N/A', 'L', '64', '66'], 10: ['Sat, Jan 30', 'Alcorn State', 'N/A', 'W', '76', '59'], 11: ['Sat, Feb 6', 'Grambling', 'N/A', 'L', '69', '72'], 12: ['Mon, Feb 8', 'Jackson State', 'N/A', 'L', '53', '57'], 13: ['Sat, Feb 13', 'Arkansas-Pine Bluff', 'N/A', 'W', '73', '71'], 14: ['Mon, Feb 22', 'Alabama State', 'N/A', 'W', '75', '66'], 15: ['Wed, Feb 24', 'Alabama A&M', 'N/A', 'W', '73', '57'], 16: ['Sat, Feb 27', 'Alcorn State', 'N/A', 'W', '89', '75'], 17: ['Thu, Mar 4', 'Prairie View A&M', 'N/A', 'L', '61', '68'], 18: ['Sat, Mar 6', 'Texas Southern', 'N/A', 'L', '74', '80'], 19: ['Thu, Mar 11', 'Grambling', 'N/A', 'L', '67', '72']}",0.49657216777342866
Texas Southern,306,2640,Tigers,17,9,0.6538461538461539,"{1: ['Thu, Mar 18', ""Mount St. Mary's"", '16', 'W', '60', '52'], 2: ['Sat, Mar 20', 'Michigan', '1', 'L', '66', '82'], 3: ['Wed, Nov 25', 'Washington State', 'N/A', 'L', '52', '56'], 4: ['Sat, Nov 28', 'Oklahoma State', 'N/A', 'L', '65', '85'], 5: ['Mon, Nov 30', 'Wyoming', 'N/A', 'W', '76', '74'], 6: ['Thu, Dec 3', ""Saint Mary's"", 'N/A', 'L', '70', '82'], 7: ['Fri, Dec 11', 'Tourneau', 'N/A', 'W', '103', '60'], 8: ['Tue, Dec 15', 'Auburn', 'N/A', 'L', '63', '80'], 9: ['Mon, Dec 21', 'BYU', 'N/A', 'L', '71', '87'], 10: ['Mon, Jan 11', 'Prairie View A&M', 'N/A', 'L', '67', '73'], 11: ['Sat, Jan 16', 'Grambling', 'N/A', 'L', '72', '78'], 12: ['Sat, Jan 23', 'Arkansas-Pine Bluff', 'N/A', 'W', '66', '57'], 13: ['Sat, Jan 30', 'Alabama State', 'N/A', 'W', '80', '73'], 14: ['Mon, Feb 1', 'Alabama A&M', 'N/A', 'W', '66', '49'], 15: ['Sat, Feb 6', 'UT Rio Grande Valley', 'N/A', 'W', '77', '75'], 16: ['Sat, Feb 13', 'Grambling', 'N/A', 'W', '75', '73'], 17: ['Sun, Feb 21', 'Prairie View A&M', 'N/A', 'L', '75', '77'], 18: ['Tue, Feb 23', 'Mississippi Valley State', 'N/A', 'W', '82', '45'], 19: ['Thu, Feb 25', 'Arkansas-Pine Bluff', 'N/A', 'W', '79', '65'], 20: ['Sat, Feb 27', 'Alabama State', 'N/A', 'W', '86', '76'], 21: ['Mon, Mar 1', 'Alabama A&M', 'N/A', 'W', '68', '58'], 22: ['Thu, Mar 4', 'Alcorn State', 'N/A', 'W', '80', '78'], 23: ['Sat, Mar 6', 'Southern', 'N/A', 'W', '80', '74'], 24: ['Thu, Mar 11', 'Alcorn State', 'N/A', 'W', '78', '55'], 25: ['Fri, Mar 12', 'Jackson State', 'N/A', 'W', '84', '81'], 26: ['Sat, Mar 13', 'Prairie View A&M', 'N/A', 'W', '80', '61']}",0.5454570262070301
Denver,307,2172,Pioneers,2,19,0.09523809523809523,"{1: ['Sat, Nov 28', 'Univ', 'N/A', 'W', '82', '66'], 2: ['Sun, Dec 6', 'UC Riverside', 'N/A', 'L', '63', '83'], 3: ['Wed, Dec 9', 'Wyoming', 'N/A', 'L', '61', '83'], 4: ['Sat, Dec 12', 'Dixie State', 'N/A', 'L', '70', '73'], 5: ['Wed, Dec 16', 'Northern Colorado', 'N/A', 'L', '75', '83'], 6: ['Sat, Dec 19', 'Texas State', 'N/A', 'L', '68', '70'], 7: ['Tue, Dec 22', 'Northern Arizona', 'N/A', 'L', '65', '68'], 8: ['Sat, Jan 2', 'South Dakota', 'N/A', 'L', '54', '93'], 9: ['Sun, Jan 3', 'South Dakota', 'N/A', 'L', '57', '79'], 10: ['Fri, Jan 15', 'Oral Roberts', 'N/A', 'L', '84', '88'], 11: ['Sat, Jan 16', 'Oral Roberts', 'N/A', 'L', '82', '91'], 12: ['Fri, Jan 22', 'North Dakota State', 'N/A', 'L', '58', '70'], 13: ['Sat, Jan 23', 'North Dakota State', 'N/A', 'L', '58', '84'], 14: ['Fri, Feb 5', 'North Dakota', 'N/A', 'L', '82', '85'], 15: ['Sat, Feb 6', 'North Dakota', 'N/A', 'W', '85', '81'], 16: ['Fri, Feb 12', 'Western Illinois', 'N/A', 'L', '69', '75'], 17: ['Sat, Feb 13', 'Western Illinois', 'N/A', 'L', '75', '82'], 18: ['Fri, Feb 19', 'UM Kansas City', 'N/A', 'L', '57', '68'], 19: ['Sat, Feb 20', 'UM Kansas City', 'N/A', 'L', '69', '80'], 20: ['Fri, Feb 26', 'Omaha', 'N/A', 'L', '76', '80'], 21: ['Sat, Feb 27', 'Omaha', 'N/A', 'L', '76', '80']}",0.46028758278758275
North Dakota,308,155,Fighting Hawks,9,17,0.3461538461538461,"{1: ['Wed, Nov 25', 'Miami (OH)', 'N/A', 'L', '67', '81'], 2: ['Wed, Dec 2', 'Dixie State', 'N/A', 'L', '73', '74'], 3: ['Fri, Dec 4', 'Minnesota', 'N/A', 'L', '67', '76'], 4: ['Thu, Dec 10', 'South Dakota', 'N/A', 'W', '75', '71'], 5: ['Fri, Dec 11', 'South Dakota State', 'N/A', 'L', '62', '74'], 6: ['Sat, Dec 12', 'North Dakota State', 'N/A', 'L', '52', '53'], 7: ['Thu, Dec 17', 'Southern Illinois', 'N/A', 'L', '64', '85'], 8: ['Fri, Dec 18', 'Southern Illinois', 'N/A', 'L', '50', '62'], 9: ['Tue, Dec 22', 'Drake', 'N/A', 'L', '55', '88'], 10: ['Sat, Jan 2', 'UM Kansas City', 'N/A', 'W', '52', '45'], 11: ['Sun, Jan 3', 'UM Kansas City', 'N/A', 'L', '53', '77'], 12: ['Fri, Jan 8', 'Oral Roberts', 'N/A', 'W', '72', '71'], 13: ['Sat, Jan 9', 'Oral Roberts', 'N/A', 'L', '57', '74'], 14: ['Fri, Jan 15', 'North Dakota State', 'N/A', 'L', '45', '62'], 15: ['Sat, Jan 16', 'North Dakota State', 'N/A', 'W', '82', '78'], 16: ['Fri, Jan 22', 'South Dakota State', 'N/A', 'L', '73', '92'], 17: ['Sat, Jan 23', 'South Dakota State', 'N/A', 'L', '74', '85'], 18: ['Fri, Jan 29', 'Western Illinois', 'N/A', 'W', '83', '81'], 19: ['Sat, Jan 30', 'Western Illinois', 'N/A', 'L', '87', '99'], 20: ['Fri, Feb 5', 'Denver', 'N/A', 'W', '85', '82'], 21: ['Sat, Feb 6', 'Denver', 'N/A', 'L', '81', '85'], 22: ['Sat, Feb 13', 'South Dakota', 'N/A', 'W', '85', '76'], 23: ['Sun, Feb 14', 'South Dakota', 'N/A', 'W', '85', '81'], 24: ['Fri, Feb 19', 'Omaha', 'N/A', 'L', '62', '72'], 25: ['Sat, Feb 20', 'Omaha', 'N/A', 'W', '81', '69'], 26: ['Sun, Mar 7', 'Oral Roberts', 'N/A', 'L', '65', '76']}",0.4851252039759336
North Dakota State,309,2449,Bison,15,12,0.5555555555555556,"{1: ['Wed, Nov 25', 'Nevada', 'N/A', 'L', '48', '62'], 2: ['Sat, Nov 28', 'Nebraska', 'N/A', 'L', '57', '79'], 3: ['Sun, Nov 29', 'Creighton', '11', 'L', '58', '69'], 4: ['Sat, Dec 5', 'Kansas', '7', 'L', '61', '65'], 5: ['Thu, Dec 10', 'South Dakota State', 'N/A', 'L', '75', '77'], 6: ['Fri, Dec 11', 'South Dakota', 'N/A', 'W', '74', '67'], 7: ['Sat, Dec 12', 'North Dakota', 'N/A', 'W', '53', '52'], 8: ['Tue, Dec 22', 'TCU', 'N/A', 'L', '82', '89'], 9: ['Sat, Jan 2', 'Western Illinois', 'N/A', 'W', '68', '50'], 10: ['Sun, Jan 3', 'Western Illinois', 'N/A', 'W', '78', '67'], 11: ['Fri, Jan 8', 'Omaha', 'N/A', 'W', '71', '69'], 12: ['Sat, Jan 9', 'Omaha', 'N/A', 'W', '80', '66'], 13: ['Fri, Jan 15', 'North Dakota', 'N/A', 'W', '62', '45'], 14: ['Sat, Jan 16', 'North Dakota', 'N/A', 'L', '78', '82'], 15: ['Fri, Jan 22', 'Denver', 'N/A', 'W', '70', '58'], 16: ['Sat, Jan 23', 'Denver', 'N/A', 'W', '84', '58'], 17: ['Fri, Jan 29', 'UM Kansas City', 'N/A', 'W', '71', '67'], 18: ['Sat, Jan 30', 'UM Kansas City', 'N/A', 'L', '47', '49'], 19: ['Fri, Feb 5', 'Oral Roberts', 'N/A', 'W', '61', '54'], 20: ['Sat, Feb 6', 'Oral Roberts', 'N/A', 'L', '74', '80'], 21: ['Fri, Feb 19', 'South Dakota State', 'N/A', 'L', '67', '68'], 22: ['Sat, Feb 20', 'South Dakota State', 'N/A', 'W', '84', '82'], 23: ['Sat, Feb 27', 'South Dakota', 'N/A', 'L', '71', '80'], 24: ['Sun, Feb 28', 'South Dakota', 'N/A', 'W', '89', '77'], 25: ['Sun, Mar 7', 'UM Kansas City', 'N/A', 'W', '69', '65'], 26: ['Mon, Mar 8', 'South Dakota', 'N/A', 'W', '79', '75'], 27: ['Tue, Mar 9', 'Oral Roberts', 'N/A', 'L', '72', '75']}",0.5226839645609705
Omaha,310,2437,Mavericks,5,20,0.2,"{1: ['Wed, Nov 25', 'Austin Peay', 'N/A', 'L', '66', '72'], 2: ['Thu, Nov 26', 'Middle Tennessee', 'N/A', 'W', '60', '59'], 3: ['Sat, Nov 28', 'Abilene Christian', 'N/A', 'L', '58', '70'], 4: ['Tue, Dec 1', 'Creighton', '9', 'L', '67', '94'], 5: ['Thu, Dec 3', 'Drake', 'N/A', 'L', '66', '87'], 6: ['Sat, Dec 5', 'SIU Edwardsville', 'N/A', 'W', '65', '63'], 7: ['Fri, Dec 11', 'Kansas', '5', 'L', '50', '95'], 8: ['Wed, Dec 16', 'Colorado', 'N/A', 'L', '49', '91'], 9: ['Thu, Dec 17', 'Wyoming', 'N/A', 'L', '78', '82'], 10: ['Tue, Dec 29', 'Kansas State', 'N/A', 'L', '58', '60'], 11: ['Sat, Jan 2', 'Oral Roberts', 'N/A', 'L', '83', '95'], 12: ['Sun, Jan 3', 'Oral Roberts', 'N/A', 'L', '75', '86'], 13: ['Fri, Jan 8', 'North Dakota State', 'N/A', 'L', '69', '71'], 14: ['Sat, Jan 9', 'North Dakota State', 'N/A', 'L', '66', '80'], 15: ['Fri, Jan 29', 'South Dakota', 'N/A', 'L', '59', '91'], 16: ['Sat, Jan 30', 'South Dakota', 'N/A', 'L', '93', '97'], 17: ['Fri, Feb 5', 'Western Illinois', 'N/A', 'L', '77', '85'], 18: ['Sat, Feb 6', 'Western Illinois', 'N/A', 'L', '73', '75'], 19: ['Fri, Feb 12', 'UM Kansas City', 'N/A', 'L', '52', '62'], 20: ['Sat, Feb 13', 'UM Kansas City', 'N/A', 'L', '47', '55'], 21: ['Fri, Feb 19', 'North Dakota', 'N/A', 'W', '72', '62'], 22: ['Sat, Feb 20', 'North Dakota', 'N/A', 'L', '69', '81'], 23: ['Fri, Feb 26', 'Denver', 'N/A', 'W', '80', '76'], 24: ['Sat, Feb 27', 'Denver', 'N/A', 'W', '80', '76'], 25: ['Sat, Mar 6', 'South Dakota State', 'N/A', 'L', '71', '84']}",0.5643268470468665
Oral Roberts,311,198,Golden Eagles,17,10,0.6296296296296297,"{1: ['Fri, Mar 19', 'Ohio State', '2', 'W', '75', '72'], 2: ['Wed, Nov 25', 'Missouri', 'N/A', 'L', '64', '91'], 3: ['Sat, Nov 28', 'State', 'N/A', 'W', '93', '63'], 4: ['Wed, Dec 2', 'Wichita State', 'N/A', 'L', '80', '85'], 5: ['Tue, Dec 8', 'Oklahoma State', 'N/A', 'L', '78', '83'], 6: ['Sat, Dec 12', 'Christian Univ', 'N/A', 'W', '111', '58'], 7: ['Tue, Dec 15', '', 'N/A', 'W', '96', '65'], 8: ['Wed, Dec 16', 'Oklahoma', 'N/A', 'L', '65', '79'], 9: ['Sun, Dec 20', 'Arkansas', 'N/A', 'L', '76', '87'], 10: ['Sat, Jan 2', 'Omaha', 'N/A', 'W', '95', '83'], 11: ['Sun, Jan 3', 'Omaha', 'N/A', 'W', '86', '75'], 12: ['Fri, Jan 8', 'North Dakota', 'N/A', 'L', '71', '72'], 13: ['Sat, Jan 9', 'North Dakota', 'N/A', 'W', '74', '57'], 14: ['Fri, Jan 15', 'Denver', 'N/A', 'W', '88', '84'], 15: ['Sat, Jan 16', 'Denver', 'N/A', 'W', '91', '82'], 16: ['Sat, Jan 23', 'UM Kansas City', 'N/A', 'W', '60', '58'], 17: ['Sun, Jan 24', 'UM Kansas City', 'N/A', 'L', '76', '81'], 18: ['Fri, Feb 5', 'North Dakota State', 'N/A', 'L', '54', '61'], 19: ['Sat, Feb 6', 'North Dakota State', 'N/A', 'W', '80', '74'], 20: ['Sat, Feb 13', 'South Dakota State', 'N/A', 'W', '103', '86'], 21: ['Sun, Feb 14', 'South Dakota State', 'N/A', 'L', '80', '95'], 22: ['Sat, Feb 20', 'South Dakota', 'N/A', 'L', '84', '86'], 23: ['Sat, Feb 27', 'Western Illinois', 'N/A', 'W', '85', '81'], 24: ['Sun, Feb 28', 'Western Illinois', 'N/A', 'W', '95', '59'], 25: ['Sun, Mar 7', 'North Dakota', 'N/A', 'W', '76', '65'], 26: ['Mon, Mar 8', 'South Dakota State', 'N/A', 'W', '90', '88'], 27: ['Tue, Mar 9', 'North Dakota State', 'N/A', 'W', '75', '72']}",0.5296329360120408
South Dakota,312,233,Coyotes,14,11,0.56,"{1: ['Wed, Nov 25', 'Colorado', 'N/A', 'L', '61', '84'], 2: ['Fri, Nov 27', 'Drake', 'N/A', 'L', '53', '69'], 3: ['Tue, Dec 1', 'Nebraska', 'N/A', 'L', '69', '76'], 4: ['Thu, Dec 10', 'North Dakota', 'N/A', 'L', '71', '75'], 5: ['Fri, Dec 11', 'North Dakota State', 'N/A', 'L', '67', '74'], 6: ['Sat, Dec 12', 'South Dakota State', 'N/A', 'W', '91', '78'], 7: ['Fri, Dec 18', 'Drake', 'N/A', 'L', '57', '75'], 8: ['Sun, Dec 20', 'Marty', 'N/A', 'W', '84', '44'], 9: ['Sat, Jan 2', 'Denver', 'N/A', 'W', '93', '54'], 10: ['Sun, Jan 3', 'Denver', 'N/A', 'W', '79', '57'], 11: ['Fri, Jan 8', 'UM Kansas City', 'N/A', 'W', '66', '64'], 12: ['Sat, Jan 9', 'UM Kansas City', 'N/A', 'W', '68', '62'], 13: ['Fri, Jan 22', 'Western Illinois', 'N/A', 'W', '65', '60'], 14: ['Sat, Jan 23', 'Western Illinois', 'N/A', 'W', '84', '74'], 15: ['Fri, Jan 29', 'Omaha', 'N/A', 'W', '91', '59'], 16: ['Sat, Jan 30', 'Omaha', 'N/A', 'W', '97', '93'], 17: ['Fri, Feb 5', 'South Dakota State', 'N/A', 'W', '64', '56'], 18: ['Sat, Feb 6', 'South Dakota State', 'N/A', 'L', '78', '89'], 19: ['Sat, Feb 13', 'North Dakota', 'N/A', 'L', '76', '85'], 20: ['Sun, Feb 14', 'North Dakota', 'N/A', 'L', '81', '85'], 21: ['Sat, Feb 20', 'Oral Roberts', 'N/A', 'W', '86', '84'], 22: ['Sat, Feb 27', 'North Dakota State', 'N/A', 'W', '80', '71'], 23: ['Sun, Feb 28', 'North Dakota State', 'N/A', 'L', '77', '89'], 24: ['Sat, Mar 6', 'Western Illinois', 'N/A', 'W', '86', '69'], 25: ['Mon, Mar 8', 'North Dakota State', 'N/A', 'L', '75', '79']}",0.4632321800712404
South Dakota State,313,2571,Jackrabbits,16,7,0.6956521739130435,"{1: ['Wed, Nov 25', 'West Virginia', '15', 'L', '71', '79'], 2: ['Thu, Nov 26', 'Utah State', 'N/A', 'W', '83', '59'], 3: ['Fri, Nov 27', ""Saint Mary's"", 'N/A', 'L', '59', '72'], 4: ['Wed, Dec 2', 'Iowa State', 'N/A', 'W', '71', '68'], 5: ['Fri, Dec 4', 'Bradley', 'N/A', 'W', '88', '84'], 6: ['Thu, Dec 10', 'North Dakota State', 'N/A', 'W', '77', '75'], 7: ['Fri, Dec 11', 'North Dakota', 'N/A', 'W', '74', '62'], 8: ['Sat, Dec 12', 'South Dakota', 'N/A', 'L', '78', '91'], 9: ['Mon, Jan 4', 'Marty', 'N/A', 'W', '93', '50'], 10: ['Fri, Jan 8', 'Western Illinois', 'N/A', 'W', '83', '77'], 11: ['Sat, Jan 9', 'Western Illinois', 'N/A', 'W', '92', '63'], 12: ['Fri, Jan 22', 'North Dakota', 'N/A', 'W', '92', '73'], 13: ['Sat, Jan 23', 'North Dakota', 'N/A', 'W', '85', '74'], 14: ['Fri, Feb 5', 'South Dakota', 'N/A', 'L', '56', '64'], 15: ['Sat, Feb 6', 'South Dakota', 'N/A', 'W', '89', '78'], 16: ['Sat, Feb 13', 'Oral Roberts', 'N/A', 'L', '86', '103'], 17: ['Sun, Feb 14', 'Oral Roberts', 'N/A', 'W', '95', '80'], 18: ['Fri, Feb 19', 'North Dakota State', 'N/A', 'W', '68', '67'], 19: ['Sat, Feb 20', 'North Dakota State', 'N/A', 'L', '82', '84'], 20: ['Fri, Feb 26', 'UM Kansas City', 'N/A', 'W', '67', '49'], 21: ['Sat, Feb 27', 'UM Kansas City', 'N/A', 'W', '89', '77'], 22: ['Sat, Mar 6', 'Omaha', 'N/A', 'W', '84', '71'], 23: ['Mon, Mar 8', 'Oral Roberts', 'N/A', 'L', '88', '90']}",0.4977778672041995
UM Kansas City,314,140,Roos,11,13,0.4583333333333333,"{1: ['Wed, Nov 25', '', 'N/A', 'W', '105', '35'], 2: ['Fri, Nov 27', '', 'N/A', 'W', '138', '97'], 3: ['Sat, Nov 28', 'Southeast Missouri State', 'N/A', 'L', '66', '71'], 4: ['Mon, Nov 30', 'Kansas State', 'N/A', 'L', '58', '62'], 5: ['Thu, Dec 10', 'Minnesota', 'N/A', 'L', '61', '90'], 6: ['Sat, Dec 12', 'Toledo', 'N/A', 'L', '57', '64'], 7: ['Sat, Dec 19', 'Christian', 'N/A', 'W', '98', '42'], 8: ['Sat, Dec 19', 'Christian', 'N/A', 'W', '95', '36'], 9: ['Wed, Dec 23', 'Saint Louis', 'N/A', 'L', '46', '62'], 10: ['Sat, Jan 2', 'North Dakota', 'N/A', 'L', '45', '52'], 11: ['Sun, Jan 3', 'North Dakota', 'N/A', 'W', '77', '53'], 12: ['Fri, Jan 8', 'South Dakota', 'N/A', 'L', '64', '66'], 13: ['Sat, Jan 9', 'South Dakota', 'N/A', 'L', '62', '68'], 14: ['Sat, Jan 23', 'Oral Roberts', 'N/A', 'L', '58', '60'], 15: ['Sun, Jan 24', 'Oral Roberts', 'N/A', 'W', '81', '76'], 16: ['Fri, Jan 29', 'North Dakota State', 'N/A', 'L', '67', '71'], 17: ['Sat, Jan 30', 'North Dakota State', 'N/A', 'W', '49', '47'], 18: ['Fri, Feb 12', 'Omaha', 'N/A', 'W', '62', '52'], 19: ['Sat, Feb 13', 'Omaha', 'N/A', 'W', '55', '47'], 20: ['Fri, Feb 19', 'Denver', 'N/A', 'W', '68', '57'], 21: ['Sat, Feb 20', 'Denver', 'N/A', 'W', '80', '69'], 22: ['Fri, Feb 26', 'South Dakota State', 'N/A', 'L', '49', '67'], 23: ['Sat, Feb 27', 'South Dakota State', 'N/A', 'L', '77', '89'], 24: ['Sun, Mar 7', 'North Dakota State', 'N/A', 'L', '65', '69']}",0.46435958394429155
Western Illinois,315,2710,Leathernecks,7,15,0.3181818181818182,"{1: ['Thu, Dec 3', 'Iowa', '3', 'L', '58', '99'], 2: ['Sun, Dec 6', 'Central Michigan', 'N/A', 'L', '73', '79'], 3: ['Wed, Dec 9', 'Miami (OH)', 'N/A', 'L', '57', '67'], 4: ['Thu, Dec 10', 'St. Joseph', 'N/A', 'W', '80', '55'], 5: ['Sat, Dec 12', 'Eastern Illinois', 'N/A', 'L', '88', '92'], 6: ['Sun, Dec 20', 'UT Martin', 'N/A', 'W', '81', '63'], 7: ['Wed, Dec 23', 'DePaul', 'N/A', 'L', '72', '91'], 8: ['Sat, Jan 2', 'North Dakota State', 'N/A', 'L', '50', '68'], 9: ['Sun, Jan 3', 'North Dakota State', 'N/A', 'L', '67', '78'], 10: ['Fri, Jan 8', 'South Dakota State', 'N/A', 'L', '77', '83'], 11: ['Sat, Jan 9', 'South Dakota State', 'N/A', 'L', '63', '92'], 12: ['Fri, Jan 22', 'South Dakota', 'N/A', 'L', '60', '65'], 13: ['Sat, Jan 23', 'South Dakota', 'N/A', 'L', '74', '84'], 14: ['Fri, Jan 29', 'North Dakota', 'N/A', 'L', '81', '83'], 15: ['Sat, Jan 30', 'North Dakota', 'N/A', 'W', '99', '87'], 16: ['Fri, Feb 5', 'Omaha', 'N/A', 'W', '85', '77'], 17: ['Sat, Feb 6', 'Omaha', 'N/A', 'W', '75', '73'], 18: ['Fri, Feb 12', 'Denver', 'N/A', 'W', '75', '69'], 19: ['Sat, Feb 13', 'Denver', 'N/A', 'W', '82', '75'], 20: ['Sat, Feb 27', 'Oral Roberts', 'N/A', 'L', '81', '85'], 21: ['Sun, Feb 28', 'Oral Roberts', 'N/A', 'L', '59', '95'], 22: ['Sat, Mar 6', 'South Dakota', 'N/A', 'L', '69', '86']}",0.48693825963042475
Appalachian State,316,2026,Mountaineers,17,12,0.5862068965517241,"{1: ['Thu, Mar 18', 'Norfolk State', '16', 'L', '53', '54'], 2: ['Wed, Nov 25', 'South Carolina State', 'N/A', 'W', '81', '61'], 3: ['Fri, Nov 27', 'College', 'N/A', 'W', '105', '23'], 4: ['Mon, Nov 30', 'Bowling Green', 'N/A', 'L', '76', '78'], 5: ['Sun, Dec 6', 'Wesleyan', 'N/A', 'W', '81', '57'], 6: ['Fri, Dec 11', 'Charlotte', 'N/A', 'W', '61', '57'], 7: ['Tue, Dec 15', 'Tennessee', '10', 'L', '38', '79'], 8: ['Thu, Dec 17', '', 'N/A', 'W', '87', '47'], 9: ['Fri, Dec 18', 'International', 'N/A', 'W', '77', '41'], 10: ['Tue, Dec 22', 'Auburn', 'N/A', 'L', '53', '67'], 11: ['Fri, Jan 1', 'Troy', 'N/A', 'L', '56', '69'], 12: ['Sat, Jan 2', 'Troy', 'N/A', 'W', '90', '59'], 13: ['Fri, Jan 8', 'Georgia Southern', 'N/A', 'W', '66', '63'], 14: ['Sat, Jan 9', 'Georgia Southern', 'N/A', 'W', '77', '71'], 15: ['Fri, Jan 15', 'South Alabama', 'N/A', 'L', '64', '73'], 16: ['Sat, Jan 16', 'South Alabama', 'N/A', 'W', '83', '77'], 17: ['Fri, Jan 22', 'Georgia State', 'N/A', 'W', '80', '71'], 18: ['Sat, Jan 23', 'Georgia State', 'N/A', 'W', '74', '61'], 19: ['Fri, Jan 29', 'Troy', 'N/A', 'L', '62', '71'], 20: ['Sat, Jan 30', 'Troy', 'N/A', 'L', '59', '65'], 21: ['Fri, Feb 19', 'South Alabama', 'N/A', 'L', '63', '65'], 22: ['Sat, Feb 20', 'South Alabama', 'N/A', 'L', '54', '56'], 23: ['Tue, Feb 23', 'Georgia State', 'N/A', 'L', '71', '85'], 24: ['Fri, Feb 26', 'Georgia Southern', 'N/A', 'W', '84', '78'], 25: ['Sat, Feb 27', 'Georgia Southern', 'N/A', 'L', '57', '65'], 26: ['Fri, Mar 5', 'Little Rock', 'N/A', 'W', '67', '60'], 27: ['Sat, Mar 6', 'Texas State', 'N/A', 'W', '76', '73'], 28: ['Sun, Mar 7', 'Coastal Carolina', 'N/A', 'W', '64', '61'], 29: ['Mon, Mar 8', 'Georgia State', 'N/A', 'W', '80', '73']}",0.5883132560836909
Arkansas State,317,2032,Red Wolves,11,13,0.4583333333333333,"{1: ['Fri, Nov 27', 'Marshall', 'N/A', 'L', '56', '70'], 2: ['Sun, Nov 29', 'Morehead State', 'N/A', 'L', '61', '69'], 3: ['Wed, Dec 2', 'Memphis', 'N/A', 'L', '54', '83'], 4: ['Fri, Dec 4', 'Ridge College', 'N/A', 'W', '115', '49'], 5: ['Wed, Dec 9', 'Arkansas-Pine Bluff', 'N/A', 'L', '74', '75'], 6: ['Fri, Dec 11', 'Baptist College', 'N/A', 'W', '81', '69'], 7: ['Sun, Dec 20', 'Christian College', 'N/A', 'W', '90', '50'], 8: ['Fri, Jan 1', 'UL Monroe', 'N/A', 'L', '72', '84'], 9: ['Sat, Jan 2', 'UL Monroe', 'N/A', 'L', '55', '62'], 10: ['Fri, Jan 15', 'UL Monroe', 'N/A', 'W', '74', '72'], 11: ['Sat, Jan 16', 'UL Monroe', 'N/A', 'W', '93', '72'], 12: ['Fri, Jan 22', 'Louisiana', 'N/A', 'L', '68', '81'], 13: ['Sat, Jan 23', 'Louisiana', 'N/A', 'L', '74', '77'], 14: ['Fri, Jan 29', 'UT Arlington', 'N/A', 'W', '83', '75'], 15: ['Sat, Jan 30', 'UT Arlington', 'N/A', 'L', '64', '65'], 16: ['Fri, Feb 5', 'Louisiana', 'N/A', 'W', '95', '87'], 17: ['Sat, Feb 6', 'Louisiana', 'N/A', 'W', '83', '77'], 18: ['Fri, Feb 12', 'Little Rock', 'N/A', 'W', '73', '62'], 19: ['Sat, Feb 13', 'Little Rock', 'N/A', 'W', '67', '65'], 20: ['Mon, Feb 22', 'Texas State', 'N/A', 'L', '52', '57'], 21: ['Fri, Feb 26', 'UT Arlington', 'N/A', 'L', '71', '73'], 22: ['Sat, Feb 27', 'UT Arlington', 'N/A', 'L', '56', '64'], 23: ['Fri, Mar 5', 'Georgia Southern', 'N/A', 'W', '62', '58'], 24: ['Sat, Mar 6', 'Georgia State', 'N/A', 'L', '68', '71']}",0.5118803776868294
Coastal Carolina,318,324,Chanticleers,16,7,0.6956521739130435,"{1: ['Sat, Nov 28', 'Wesleyan', 'N/A', 'W', '117', '68'], 2: ['Thu, Dec 3', 'International', 'N/A', 'W', '113', '56'], 3: ['Mon, Dec 7', 'North Carolina Central', 'N/A', 'W', '78', '71'], 4: ['Sat, Dec 12', '', 'N/A', 'W', '103', '45'], 5: ['Tue, Dec 15', 'Wofford', 'N/A', 'L', '77', '88'], 6: ['Thu, Dec 17', 'Delaware State', 'N/A', 'W', '99', '73'], 7: ['Fri, Dec 18', 'Lloyd College', 'N/A', 'W', '86', '63'], 8: ['Fri, Jan 1', 'Georgia State', 'N/A', 'W', '81', '69'], 9: ['Sat, Jan 2', 'Georgia State', 'N/A', 'L', '62', '70'], 10: ['Fri, Jan 8', 'South Alabama', 'N/A', 'W', '78', '65'], 11: ['Sat, Jan 9', 'South Alabama', 'N/A', 'W', '83', '69'], 12: ['Sat, Jan 16', 'Georgia State', 'N/A', 'L', '68', '71'], 13: ['Fri, Jan 22', 'Troy', 'N/A', 'W', '90', '81'], 14: ['Sat, Jan 23', 'Troy', 'N/A', 'W', '70', '65'], 15: ['Fri, Jan 29', 'Georgia Southern', 'N/A', 'W', '79', '62'], 16: ['Sat, Jan 30', 'Georgia Southern', 'N/A', 'L', '58', '61'], 17: ['Fri, Feb 5', 'South Alabama', 'N/A', 'L', '65', '71'], 18: ['Sat, Feb 6', 'South Alabama', 'N/A', 'L', '66', '70'], 19: ['Sun, Feb 21', 'Georgia Southern', 'N/A', 'W', '65', '55'], 20: ['Fri, Feb 26', 'Troy', 'N/A', 'W', '75', '59'], 21: ['Sat, Feb 27', 'Troy', 'N/A', 'W', '76', '71'], 22: ['Sat, Mar 6', 'Troy', 'N/A', 'W', '86', '68'], 23: ['Sun, Mar 7', 'Appalachian State', 'N/A', 'L', '61', '64']}",0.5158378850111585
Georgia Southern,319,290,Eagles,13,13,0.5,"{1: ['Wed, Nov 25', 'National', 'N/A', 'W', '97', '65'], 2: ['Sat, Nov 28', 'of Coastal Georgia', 'N/A', 'W', '91', '79'], 3: ['Sat, Dec 5', 'South Carolina Upstate', 'N/A', 'W', '72', '69'], 4: ['Fri, Dec 11', 'Davidson', 'N/A', 'L', '45', '77'], 5: ['Sun, Dec 13', 'Mercer', 'N/A', 'L', '75', '77'], 6: ['Tue, Dec 15', 'College', 'N/A', 'W', '92', '27'], 7: ['Sat, Dec 19', 'Florida International', 'N/A', 'W', '103', '99'], 8: ['Sun, Dec 20', 'College', 'N/A', 'W', '119', '43'], 9: ['Tue, Dec 22', 'Florida Gulf Coast', 'N/A', 'L', '60', '73'], 10: ['Fri, Jan 1', 'South Alabama', 'N/A', 'L', '59', '88'], 11: ['Sat, Jan 2', 'South Alabama', 'N/A', 'W', '62', '49'], 12: ['Fri, Jan 8', 'Appalachian State', 'N/A', 'L', '63', '66'], 13: ['Sat, Jan 9', 'Appalachian State', 'N/A', 'L', '71', '77'], 14: ['Fri, Jan 15', 'Troy', 'N/A', 'W', '67', '64'], 15: ['Sat, Jan 16', 'Troy', 'N/A', 'W', '63', '56'], 16: ['Fri, Jan 22', 'South Alabama', 'N/A', 'W', '84', '75'], 17: ['Sat, Jan 23', 'South Alabama', 'N/A', 'L', '48', '62'], 18: ['Fri, Jan 29', 'Coastal Carolina', 'N/A', 'L', '62', '79'], 19: ['Sat, Jan 30', 'Coastal Carolina', 'N/A', 'W', '61', '58'], 20: ['Fri, Feb 5', 'Troy', 'N/A', 'L', '56', '68'], 21: ['Sat, Feb 6', 'Troy', 'N/A', 'W', '79', '64'], 22: ['Thu, Feb 11', 'Georgia State', 'N/A', 'L', '75', '79'], 23: ['Sun, Feb 21', 'Coastal Carolina', 'N/A', 'L', '55', '65'], 24: ['Fri, Feb 26', 'Appalachian State', 'N/A', 'L', '78', '84'], 25: ['Sat, Feb 27', 'Appalachian State', 'N/A', 'W', '65', '57'], 26: ['Fri, Mar 5', 'Arkansas State', 'N/A', 'L', '58', '62']}",0.5430949827586735
Georgia State,320,2247,Panthers,16,6,0.7272727272727273,"{1: ['Wed, Nov 25', 'Georgia Tech', 'N/A', 'W', '123', '120'], 2: ['Fri, Nov 27', 'Falls', 'N/A', 'W', '105', '60'], 3: ['Mon, Nov 30', 'Mercer', 'N/A', 'L', '69', '86'], 4: ['Fri, Dec 4', 'Charlotte', 'N/A', 'W', '76', '65'], 5: ['Wed, Dec 16', 'Mercer', 'N/A', 'W', '88', '81'], 6: ['Fri, Dec 18', 'College', 'N/A', 'W', '122', '57'], 7: ['Mon, Dec 21', 'Charleston', 'N/A', 'W', '72', '55'], 8: ['Fri, Jan 1', 'Coastal Carolina', 'N/A', 'L', '69', '81'], 9: ['Sat, Jan 2', 'Coastal Carolina', 'N/A', 'W', '70', '62'], 10: ['Sat, Jan 16', 'Coastal Carolina', 'N/A', 'W', '71', '68'], 11: ['Fri, Jan 22', 'Appalachian State', 'N/A', 'L', '71', '80'], 12: ['Sat, Jan 23', 'Appalachian State', 'N/A', 'L', '61', '74'], 13: ['Tue, Feb 9', 'South Alabama', 'N/A', 'L', '67', '70'], 14: ['Thu, Feb 11', 'Georgia Southern', 'N/A', 'W', '79', '75'], 15: ['Fri, Feb 19', 'Troy', 'N/A', 'W', '80', '66'], 16: ['Sat, Feb 20', 'Troy', 'N/A', 'W', '65', '53'], 17: ['Tue, Feb 23', 'Appalachian State', 'N/A', 'W', '85', '71'], 18: ['Fri, Feb 26', 'South Alabama', 'N/A', 'W', '84', '81'], 19: ['Sat, Feb 27', 'South Alabama', 'N/A', 'W', '82', '73'], 20: ['Sat, Mar 6', 'Arkansas State', 'N/A', 'W', '71', '68'], 21: ['Sun, Mar 7', 'Louisiana', 'N/A', 'W', '84', '73'], 22: ['Mon, Mar 8', 'Appalachian State', 'N/A', 'L', '73', '80']}",0.5696418319903092
Little Rock,321,2031,Trojans,11,15,0.4230769230769231,"{1: ['Wed, Nov 25', 'Prairie View A&M', 'N/A', 'W', '71', '66'], 2: ['Fri, Nov 27', 'UNC Greensboro', 'N/A', 'L', '70', '77'], 3: ['Mon, Nov 30', 'Duquesne', 'N/A', 'W', '76', '66'], 4: ['Thu, Dec 3', 'Winthrop', 'N/A', 'L', '75', '80'], 5: ['Sun, Dec 6', 'Central Arkansas', 'N/A', 'W', '86', '83'], 6: ['Fri, Dec 18', 'Christian College', 'N/A', 'W', '78', '50'], 7: ['Mon, Dec 21', 'Missouri State', 'N/A', 'L', '77', '85'], 8: ['Fri, Jan 1', 'UT Arlington', 'N/A', 'W', '102', '93'], 9: ['Sat, Jan 2', 'UT Arlington', 'N/A', 'W', '75', '62'], 10: ['Fri, Jan 8', 'Louisiana', 'N/A', 'L', '64', '66'], 11: ['Sat, Jan 9', 'Louisiana', 'N/A', 'W', '78', '76'], 12: ['Fri, Jan 15', 'Texas State', 'N/A', 'L', '59', '63'], 13: ['Sat, Jan 16', 'Texas State', 'N/A', 'L', '56', '67'], 14: ['Fri, Jan 22', 'UT Arlington', 'N/A', 'W', '66', '59'], 15: ['Sat, Jan 23', 'UT Arlington', 'N/A', 'L', '61', '66'], 16: ['Fri, Jan 29', 'UL Monroe', 'N/A', 'W', '66', '62'], 17: ['Sat, Jan 30', 'UL Monroe', 'N/A', 'W', '65', '49'], 18: ['Fri, Feb 5', 'Texas State', 'N/A', 'L', '47', '57'], 19: ['Sat, Feb 6', 'Texas State', 'N/A', 'L', '67', '77'], 20: ['Fri, Feb 12', 'Arkansas State', 'N/A', 'L', '62', '73'], 21: ['Sat, Feb 13', 'Arkansas State', 'N/A', 'L', '65', '67'], 22: ['Sun, Feb 21', 'UL Monroe', 'N/A', 'L', '66', '78'], 23: ['Mon, Feb 22', 'UL Monroe', 'N/A', 'L', '64', '68'], 24: ['Fri, Feb 26', 'Louisiana', 'N/A', 'L', '61', '66'], 25: ['Sat, Feb 27', 'Louisiana', 'N/A', 'W', '69', '59'], 26: ['Fri, Mar 5', 'Appalachian State', 'N/A', 'L', '60', '67']}",0.5549501073639006
Louisiana,322,309,Ragin' Cajuns,17,9,0.6538461538461539,"{1: ['Sat, Nov 28', 'Baylor', '2', 'L', '82', '112'], 2: ['Wed, Dec 2', 'New Orleans', 'N/A', 'W', '66', '63'], 3: ['Sat, Dec 5', 'Shreveport', 'N/A', 'W', '84', '73'], 4: ['Tue, Dec 8', 'Alexandria', 'N/A', 'W', '90', '75'], 5: ['Sat, Dec 12', 'Louisiana Tech', 'N/A', 'W', '61', '56'], 6: ['Tue, Dec 15', 'New Orleans', 'N/A', 'W', '73', '63'], 7: ['Sat, Dec 19', 'McNeese', 'N/A', 'W', '75', '65'], 8: ['Fri, Jan 1', 'Texas State', 'N/A', 'W', '83', '77'], 9: ['Sat, Jan 2', 'Texas State', 'N/A', 'L', '59', '71'], 10: ['Fri, Jan 8', 'Little Rock', 'N/A', 'W', '66', '64'], 11: ['Sat, Jan 9', 'Little Rock', 'N/A', 'L', '76', '78'], 12: ['Fri, Jan 15', 'UT Arlington', 'N/A', 'L', '86', '91'], 13: ['Sat, Jan 16', 'UT Arlington', 'N/A', 'W', '68', '51'], 14: ['Fri, Jan 22', 'Arkansas State', 'N/A', 'W', '81', '68'], 15: ['Sat, Jan 23', 'Arkansas State', 'N/A', 'W', '77', '74'], 16: ['Fri, Jan 29', 'Texas State', 'N/A', 'W', '62', '60'], 17: ['Sat, Jan 30', 'Texas State', 'N/A', 'W', '74', '73'], 18: ['Fri, Feb 5', 'Arkansas State', 'N/A', 'L', '87', '95'], 19: ['Sat, Feb 6', 'Arkansas State', 'N/A', 'L', '77', '83'], 20: ['Thu, Feb 11', 'UL Monroe', 'N/A', 'L', '66', '72'], 21: ['Sat, Feb 13', 'UL Monroe', 'N/A', 'W', '88', '72'], 22: ['Mon, Feb 22', 'UT Arlington', 'N/A', 'W', '76', '74'], 23: ['Fri, Feb 26', 'Little Rock', 'N/A', 'W', '66', '61'], 24: ['Sat, Feb 27', 'Little Rock', 'N/A', 'L', '59', '69'], 25: ['Sat, Mar 6', 'South Alabama', 'N/A', 'W', '79', '68'], 26: ['Sun, Mar 7', 'Georgia State', 'N/A', 'L', '73', '84']}",0.5722034344965381
South Alabama,323,6,Jaguars,17,11,0.6071428571428571,"{1: ['Wed, Nov 25', 'Florida Atlantic', 'N/A', 'W', '68', '66'], 2: ['Fri, Nov 27', '', 'N/A', 'W', '95', '75'], 3: ['Sun, Nov 29', 'Jacksonville State', 'N/A', 'L', '73', '77'], 4: ['Tue, Dec 1', '', 'N/A', 'W', '86', '47'], 5: ['Fri, Dec 4', 'Auburn', 'N/A', 'L', '81', '90'], 6: ['Tue, Dec 8', 'Carey', 'N/A', 'W', '80', '67'], 7: ['Sat, Dec 12', 'Southern Miss', 'N/A', 'W', '76', '75'], 8: ['Wed, Dec 16', '', 'N/A', 'W', '103', '81'], 9: ['Sat, Dec 19', 'Alabama A&M', 'N/A', 'L', '90', '93'], 10: ['Fri, Jan 1', 'Georgia Southern', 'N/A', 'W', '88', '59'], 11: ['Sat, Jan 2', 'Georgia Southern', 'N/A', 'L', '49', '62'], 12: ['Fri, Jan 8', 'Coastal Carolina', 'N/A', 'L', '65', '78'], 13: ['Sat, Jan 9', 'Coastal Carolina', 'N/A', 'L', '69', '83'], 14: ['Fri, Jan 15', 'Appalachian State', 'N/A', 'W', '73', '64'], 15: ['Sat, Jan 16', 'Appalachian State', 'N/A', 'L', '77', '83'], 16: ['Fri, Jan 22', 'Georgia Southern', 'N/A', 'L', '75', '84'], 17: ['Sat, Jan 23', 'Georgia Southern', 'N/A', 'W', '62', '48'], 18: ['Fri, Feb 5', 'Coastal Carolina', 'N/A', 'W', '71', '65'], 19: ['Sat, Feb 6', 'Coastal Carolina', 'N/A', 'W', '70', '66'], 20: ['Tue, Feb 9', 'Georgia State', 'N/A', 'W', '70', '67'], 21: ['Thu, Feb 11', 'Troy', 'N/A', 'W', '73', '70'], 22: ['Sat, Feb 13', 'Troy', 'N/A', 'W', '58', '51'], 23: ['Fri, Feb 19', 'Appalachian State', 'N/A', 'W', '65', '63'], 24: ['Sat, Feb 20', 'Appalachian State', 'N/A', 'W', '56', '54'], 25: ['Fri, Feb 26', 'Georgia State', 'N/A', 'L', '81', '84'], 26: ['Sat, Feb 27', 'Georgia State', 'N/A', 'L', '73', '82'], 27: ['Fri, Mar 5', 'UL Monroe', 'N/A', 'W', '80', '72'], 28: ['Sat, Mar 6', 'Louisiana', 'N/A', 'L', '68', '79']}",0.560475467163373
Texas State,324,326,Bobcats,18,7,0.72,"{1: ['Wed, Nov 25', 'Hardin-Baylor', 'N/A', 'W', '98', '59'], 2: ['Sat, Nov 28', 'Texas A&M-CC', 'N/A', 'W', '75', '63'], 3: ['Mon, Nov 30', 'Mississippi State', 'N/A', 'L', '51', '68'], 4: ['Sat, Dec 5', 'Incarnate Word', 'N/A', 'W', '72', '64'], 5: ['Wed, Dec 9', 'Texas', '13', 'L', '53', '74'], 6: ['Sat, Dec 12', 'Lady of the Lake', 'N/A', 'L', '58', '61'], 7: ['Tue, Dec 15', 'Texas A&M-CC', 'N/A', 'W', '51', '46'], 8: ['Sat, Dec 19', 'Denver', 'N/A', 'W', '70', '68'], 9: ['Mon, Dec 21', 'Northern Arizona', 'N/A', 'W', '70', '65'], 10: ['Fri, Jan 1', 'Louisiana', 'N/A', 'L', '77', '83'], 11: ['Sat, Jan 2', 'Louisiana', 'N/A', 'W', '71', '59'], 12: ['Fri, Jan 15', 'Little Rock', 'N/A', 'W', '63', '59'], 13: ['Sat, Jan 16', 'Little Rock', 'N/A', 'W', '67', '56'], 14: ['Fri, Jan 22', 'UL Monroe', 'N/A', 'W', '57', '47'], 15: ['Sat, Jan 23', 'UL Monroe', 'N/A', 'W', '69', '63'], 16: ['Fri, Jan 29', 'Louisiana', 'N/A', 'L', '60', '62'], 17: ['Sat, Jan 30', 'Louisiana', 'N/A', 'L', '73', '74'], 18: ['Fri, Feb 5', 'Little Rock', 'N/A', 'W', '57', '47'], 19: ['Sat, Feb 6', 'Little Rock', 'N/A', 'W', '77', '67'], 20: ['Thu, Feb 11', 'UT Arlington', 'N/A', 'W', '63', '56'], 21: ['Sat, Feb 13', 'UT Arlington', 'N/A', 'W', '79', '68'], 22: ['Mon, Feb 22', 'Arkansas State', 'N/A', 'W', '57', '52'], 23: ['Fri, Feb 26', 'UL Monroe', 'N/A', 'W', '58', '49'], 24: ['Sat, Feb 27', 'UL Monroe', 'N/A', 'W', '61', '57'], 25: ['Sat, Mar 6', 'Appalachian State', 'N/A', 'L', '73', '76']}",0.45204535045164745
Troy,325,2653,Trojans,11,17,0.3928571428571429,"{1: ['Fri, Nov 27', 'Western Carolina', 'N/A', 'W', '66', '64'], 2: ['Sat, Nov 28', 'UNC Wilmington', 'N/A', 'L', '50', '73'], 3: ['Fri, Dec 4', 'Texas Tech', '17', 'L', '46', '80'], 4: ['Sun, Dec 6', 'UAB', 'N/A', 'L', '55', '77'], 5: ['Thu, Dec 10', 'North Alabama', 'N/A', 'W', '62', '57'], 6: ['Sun, Dec 13', 'Baptist College', 'N/A', 'W', '61', '44'], 7: ['Wed, Dec 16', 'Samford', 'N/A', 'W', '79', '71'], 8: ['Sat, Dec 19', 'Auburn', 'N/A', 'L', '41', '77'], 9: ['Mon, Dec 28', 'College', 'N/A', 'W', '88', '35'], 10: ['Fri, Jan 1', 'Appalachian State', 'N/A', 'W', '69', '56'], 11: ['Sat, Jan 2', 'Appalachian State', 'N/A', 'L', '59', '90'], 12: ['Fri, Jan 15', 'Georgia Southern', 'N/A', 'L', '64', '67'], 13: ['Sat, Jan 16', 'Georgia Southern', 'N/A', 'L', '56', '63'], 14: ['Fri, Jan 22', 'Coastal Carolina', 'N/A', 'L', '81', '90'], 15: ['Sat, Jan 23', 'Coastal Carolina', 'N/A', 'L', '65', '70'], 16: ['Fri, Jan 29', 'Appalachian State', 'N/A', 'W', '71', '62'], 17: ['Sat, Jan 30', 'Appalachian State', 'N/A', 'W', '65', '59'], 18: ['Tue, Feb 2', 'Hill', 'N/A', 'W', '90', '73'], 19: ['Fri, Feb 5', 'Georgia Southern', 'N/A', 'W', '68', '56'], 20: ['Sat, Feb 6', 'Georgia Southern', 'N/A', 'L', '64', '79'], 21: ['Thu, Feb 11', 'South Alabama', 'N/A', 'L', '70', '73'], 22: ['Sat, Feb 13', 'South Alabama', 'N/A', 'L', '51', '58'], 23: ['Fri, Feb 19', 'Georgia State', 'N/A', 'L', '66', '80'], 24: ['Sat, Feb 20', 'Georgia State', 'N/A', 'L', '53', '65'], 25: ['Fri, Feb 26', 'Coastal Carolina', 'N/A', 'L', '59', '75'], 26: ['Sat, Feb 27', 'Coastal Carolina', 'N/A', 'L', '71', '76'], 27: ['Fri, Mar 5', 'UT Arlington', 'N/A', 'W', '91', '86'], 28: ['Sat, Mar 6', 'Coastal Carolina', 'N/A', 'L', '68', '86']}",0.5970135881821195
UL Monroe,326,2433,Warhawks,7,19,0.2692307692307692,"{1: ['Thu, Dec 3', 'Louisiana Tech', 'N/A', 'L', '62', '78'], 2: ['Sun, Dec 6', 'Northwestern State', 'N/A', 'W', '92', '83'], 3: ['Wed, Dec 9', 'Lamar', 'N/A', 'L', '60', '63'], 4: ['Sat, Dec 12', 'Stephen F. Austin', 'N/A', 'W', '66', '55'], 5: ['Wed, Dec 16', 'Grambling', 'N/A', 'L', '61', '78'], 6: ['Sat, Dec 19', 'Southern Miss', 'N/A', 'L', '47', '60'], 7: ['Tue, Dec 22', 'Louisiana Tech', 'N/A', 'L', '57', '68'], 8: ['Fri, Jan 1', 'Arkansas State', 'N/A', 'W', '84', '72'], 9: ['Sat, Jan 2', 'Arkansas State', 'N/A', 'W', '62', '55'], 10: ['Fri, Jan 8', 'UT Arlington', 'N/A', 'L', '64', '77'], 11: ['Sat, Jan 9', 'UT Arlington', 'N/A', 'L', '74', '75'], 12: ['Fri, Jan 15', 'Arkansas State', 'N/A', 'L', '72', '74'], 13: ['Sat, Jan 16', 'Arkansas State', 'N/A', 'L', '72', '93'], 14: ['Fri, Jan 22', 'Texas State', 'N/A', 'L', '47', '57'], 15: ['Sat, Jan 23', 'Texas State', 'N/A', 'L', '63', '69'], 16: ['Fri, Jan 29', 'Little Rock', 'N/A', 'L', '62', '66'], 17: ['Sat, Jan 30', 'Little Rock', 'N/A', 'L', '49', '65'], 18: ['Fri, Feb 5', 'UT Arlington', 'N/A', 'L', '56', '63'], 19: ['Sat, Feb 6', 'UT Arlington', 'N/A', 'L', '52', '58'], 20: ['Thu, Feb 11', 'Louisiana', 'N/A', 'W', '72', '66'], 21: ['Sat, Feb 13', 'Louisiana', 'N/A', 'L', '72', '88'], 22: ['Sun, Feb 21', 'Little Rock', 'N/A', 'W', '78', '66'], 23: ['Mon, Feb 22', 'Little Rock', 'N/A', 'W', '68', '64'], 24: ['Fri, Feb 26', 'Texas State', 'N/A', 'L', '49', '58'], 25: ['Sat, Feb 27', 'Texas State', 'N/A', 'L', '57', '61'], 26: ['Fri, Mar 5', 'South Alabama', 'N/A', 'L', '72', '80']}",0.5444644436023747
UT Arlington,327,250,Mavericks,13,13,0.5,"{1: ['Wed, Nov 25', 'Oklahoma State', 'N/A', 'L', '68', '75'], 2: ['Fri, Nov 27', 'Louisiana Tech', 'N/A', 'L', '71', '76'], 3: ['Sat, Nov 28', 'Northwestern State', 'N/A', 'W', '80', '71'], 4: ['Wed, Dec 2', 'Arkansas', 'N/A', 'L', '60', '72'], 5: ['Fri, Dec 4', 'Tulsa', 'N/A', 'L', '64', '79'], 6: ['Fri, Dec 11', '', 'N/A', 'W', '91', '66'], 7: ['Thu, Dec 17', 'Christian', 'N/A', 'W', '109', '48'], 8: ['Tue, Dec 22', 'Payne', 'N/A', 'W', '117', '53'], 9: ['Fri, Jan 1', 'Little Rock', 'N/A', 'L', '93', '102'], 10: ['Sat, Jan 2', 'Little Rock', 'N/A', 'L', '62', '75'], 11: ['Fri, Jan 8', 'UL Monroe', 'N/A', 'W', '77', '64'], 12: ['Sat, Jan 9', 'UL Monroe', 'N/A', 'W', '75', '74'], 13: ['Fri, Jan 15', 'Louisiana', 'N/A', 'W', '91', '86'], 14: ['Sat, Jan 16', 'Louisiana', 'N/A', 'L', '51', '68'], 15: ['Fri, Jan 22', 'Little Rock', 'N/A', 'L', '59', '66'], 16: ['Sat, Jan 23', 'Little Rock', 'N/A', 'W', '66', '61'], 17: ['Fri, Jan 29', 'Arkansas State', 'N/A', 'L', '75', '83'], 18: ['Sat, Jan 30', 'Arkansas State', 'N/A', 'W', '65', '64'], 19: ['Fri, Feb 5', 'UL Monroe', 'N/A', 'W', '63', '56'], 20: ['Sat, Feb 6', 'UL Monroe', 'N/A', 'W', '58', '52'], 21: ['Thu, Feb 11', 'Texas State', 'N/A', 'L', '56', '63'], 22: ['Sat, Feb 13', 'Texas State', 'N/A', 'L', '68', '79'], 23: ['Mon, Feb 22', 'Louisiana', 'N/A', 'L', '74', '76'], 24: ['Fri, Feb 26', 'Arkansas State', 'N/A', 'W', '73', '71'], 25: ['Sat, Feb 27', 'Arkansas State', 'N/A', 'W', '64', '56'], 26: ['Fri, Mar 5', 'Troy', 'N/A', 'L', '86', '91']}",0.501621284436616
BYU,328,252,Cougars,20,7,0.7407407407407407,"{1: ['Sat, Mar 20', 'UCLA', '11', 'L', '62', '73'], 2: ['Wed, Nov 25', '(UT)', 'N/A', 'W', '108', '59'], 3: ['Thu, Nov 26', 'New Orleans', 'N/A', 'W', '86', '61'], 4: ['Sat, Nov 28', 'Utah Valley', 'N/A', 'W', '82', '60'], 5: ['Tue, Dec 1', 'USC', 'N/A', 'L', '53', '79'], 6: ['Wed, Dec 2', ""St. John's"", 'N/A', 'W', '74', '68'], 7: ['Sat, Dec 5', 'Utah State', 'N/A', 'W', '67', '64'], 8: ['Wed, Dec 9', 'Boise State', 'N/A', 'L', '70', '74'], 9: ['Sat, Dec 12', 'Utah', 'N/A', 'W', '82', '64'], 10: ['Fri, Dec 18', 'San Diego State', '18', 'W', '72', '62'], 11: ['Mon, Dec 21', 'Texas Southern', 'N/A', 'W', '87', '71'], 12: ['Wed, Dec 23', 'Weber State', 'N/A', 'W', '87', '79'], 13: ['Thu, Jan 7', 'Gonzaga', '1', 'L', '69', '86'], 14: ['Thu, Jan 14', ""Saint Mary's"", 'N/A', 'W', '62', '52'], 15: ['Sat, Jan 16', 'San Francisco', 'N/A', 'W', '72', '63'], 16: ['Thu, Jan 21', 'Portland', 'N/A', 'W', '95', '67'], 17: ['Sat, Jan 23', 'Pepperdine', 'N/A', 'W', '65', '54'], 18: ['Wed, Jan 27', 'Pepperdine', 'N/A', 'L', '73', '76'], 19: ['Sat, Jan 30', 'Pacific', 'N/A', 'W', '95', '87'], 20: ['Thu, Feb 4', 'Portland', 'N/A', 'W', '105', '60'], 21: ['Mon, Feb 8', 'Gonzaga', '1', 'L', '71', '82'], 22: ['Thu, Feb 18', 'Pacific', 'N/A', 'W', '80', '52'], 23: ['Sat, Feb 20', 'Loyola Marymount', 'N/A', 'W', '88', '71'], 24: ['Thu, Feb 25', 'San Francisco', 'N/A', 'W', '79', '73'], 25: ['Sat, Feb 27', ""Saint Mary's"", 'N/A', 'W', '65', '51'], 26: ['Mon, Mar 8', 'Pepperdine', 'N/A', 'W', '82', '77'], 27: ['Tue, Mar 9', 'Gonzaga', '1', 'L', '78', '88']}",0.7710230405003788
Gonzaga,329,2250,Bulldogs,27,0,1.0,"{1: ['Sat, Mar 20', 'Norfolk State', '16', 'W', '98', '55'], 2: ['Thu, Nov 26', 'Kansas', '6', 'W', '102', '90'], 3: ['Fri, Nov 27', 'Auburn', 'N/A', 'W', '90', '67'], 4: ['Wed, Dec 2', 'West Virginia', '11', 'W', '87', '82'], 5: ['Sat, Dec 19', 'Iowa', '3', 'W', '99', '88'], 6: ['Mon, Dec 21', 'Northwestern State', 'N/A', 'W', '95', '57'], 7: ['Tue, Dec 22', 'Northwestern State', 'N/A', 'W', '95', '78'], 8: ['Sat, Dec 26', 'Virginia', '16', 'W', '98', '75'], 9: ['Mon, Dec 28', 'Northern Arizona', 'N/A', 'W', '88', '58'], 10: ['Tue, Dec 29', 'Dixie State', 'N/A', 'W', '112', '67'], 11: ['Sat, Jan 2', 'San Francisco', 'N/A', 'W', '85', '62'], 12: ['Thu, Jan 7', 'BYU', 'N/A', 'W', '86', '69'], 13: ['Sat, Jan 9', 'Portland', 'N/A', 'W', '116', '88'], 14: ['Thu, Jan 14', 'Pepperdine', 'N/A', 'W', '95', '70'], 15: ['Sat, Jan 16', ""Saint Mary's"", 'N/A', 'W', '73', '59'], 16: ['Sat, Jan 23', 'Pacific', 'N/A', 'W', '95', '49'], 17: ['Thu, Jan 28', 'San Diego', 'N/A', 'W', '90', '62'], 18: ['Sat, Jan 30', 'Pepperdine', 'N/A', 'W', '97', '75'], 19: ['Thu, Feb 4', 'Pacific', 'N/A', 'W', '76', '58'], 20: ['Mon, Feb 8', 'BYU', 'N/A', 'W', '82', '71'], 21: ['Sat, Feb 13', 'San Francisco', 'N/A', 'W', '100', '61'], 22: ['Thu, Feb 18', ""Saint Mary's"", 'N/A', 'W', '87', '65'], 23: ['Sat, Feb 20', 'San Diego', 'N/A', 'W', '106', '69'], 24: ['Thu, Feb 25', 'Santa Clara', 'N/A', 'W', '89', '75'], 25: ['Sat, Feb 27', 'Loyola Marymount', 'N/A', 'W', '86', '69'], 26: ['Mon, Mar 8', ""Saint Mary's"", 'N/A', 'W', '78', '55'], 27: ['Tue, Mar 9', 'BYU', 'N/A', 'W', '88', '78']}",0.6502340734805613
Loyola Marymount,330,2351,Lions,13,9,0.5909090909090909,"{1: ['Wed, Nov 25', 'Southern Utah', 'N/A', 'W', '85', '83'], 2: ['Sat, Nov 28', 'Minnesota', 'N/A', 'L', '73', '88'], 3: ['Mon, Nov 30', 'Minnesota', 'N/A', 'L', '64', '67'], 4: ['Fri, Dec 4', 'Long Beach State', 'N/A', 'W', '85', '61'], 5: ['Mon, Dec 7', 'UC Santa Barbara', 'N/A', 'L', '58', '69'], 6: ['Sat, Dec 12', 'UC Santa Barbara', 'N/A', 'W', '81', '76'], 7: ['Thu, Dec 17', 'UC Irvine', 'N/A', 'W', '51', '48'], 8: ['Sat, Dec 19', 'Cal Poly', 'N/A', 'W', '76', '52'], 9: ['Sun, Jan 10', 'San Francisco', 'N/A', 'W', '68', '60'], 10: ['Sat, Jan 16', 'Pacific', 'N/A', 'L', '49', '58'], 11: ['Tue, Jan 19', 'San Diego', 'N/A', 'W', '72', '69'], 12: ['Thu, Jan 21', ""Saint Mary's"", 'N/A', 'L', '61', '65'], 13: ['Sat, Jan 23', 'Santa Clara', 'N/A', 'L', '69', '72'], 14: ['Mon, Jan 25', 'Portland', 'N/A', 'W', '75', '50'], 15: ['Sat, Feb 13', 'Pacific', 'N/A', 'W', '80', '76'], 16: ['Tue, Feb 16', 'Santa Clara', 'N/A', 'W', '76', '73'], 17: ['Thu, Feb 18', 'San Francisco', 'N/A', 'W', '68', '63'], 18: ['Sat, Feb 20', 'BYU', 'N/A', 'L', '71', '88'], 19: ['Thu, Feb 25', 'Pepperdine', 'N/A', 'W', '81', '74'], 20: ['Sat, Feb 27', 'Gonzaga', '1', 'L', '69', '86'], 21: ['Fri, Mar 5', 'San Francisco', 'N/A', 'W', '70', '66'], 22: ['Sat, Mar 6', ""Saint Mary's"", 'N/A', 'L', '47', '52']}",0.5964797399280157
Pacific,331,279,Tigers,9,9,0.5,"{1: ['Wed, Nov 25', 'UC Riverside', 'N/A', 'W', '66', '60'], 2: ['Mon, Nov 30', 'Nevada', 'N/A', 'L', '58', '70'], 3: ['Wed, Dec 2', 'Montana State', 'N/A', 'W', '74', '70'], 4: ['Sun, Dec 20', '', 'N/A', 'W', '92', '64'], 5: ['Thu, Jan 14', 'Santa Clara', 'N/A', 'W', '79', '58'], 6: ['Sat, Jan 16', 'Loyola Marymount', 'N/A', 'W', '58', '49'], 7: ['Thu, Jan 21', 'Pepperdine', 'N/A', 'L', '68', '85'], 8: ['Sat, Jan 23', 'Gonzaga', '1', 'L', '49', '95'], 9: ['Sat, Jan 30', 'BYU', 'N/A', 'L', '87', '95'], 10: ['Thu, Feb 4', 'Gonzaga', '1', 'L', '58', '76'], 11: ['Thu, Feb 11', 'Portland', 'N/A', 'W', '84', '57'], 12: ['Sat, Feb 13', 'Loyola Marymount', 'N/A', 'L', '76', '80'], 13: ['Thu, Feb 18', 'BYU', 'N/A', 'L', '52', '80'], 14: ['Sat, Feb 20', 'Portland', 'N/A', 'W', '80', '58'], 15: ['Tue, Feb 23', 'San Diego', 'N/A', 'W', '77', '67'], 16: ['Thu, Feb 25', ""Saint Mary's"", 'N/A', 'L', '46', '58'], 17: ['Sat, Feb 27', 'San Francisco', 'N/A', 'W', '76', '69'], 18: ['Fri, Mar 5', 'Santa Clara', 'N/A', 'L', '76', '81']}",0.7170184073764636
Pepperdine,332,2492,Waves,12,12,0.5,"{1: ['Wed, Nov 25', 'UC Irvine', 'N/A', 'W', '86', '72'], 2: ['Fri, Nov 27', 'UCLA', '22', 'L', '98', '107'], 3: ['Thu, Dec 3', 'Katherine', 'N/A', 'W', '94', '45'], 4: ['Sun, Dec 6', 'San Diego State', 'N/A', 'L', '60', '65'], 5: ['Wed, Dec 9', 'California', 'N/A', 'W', '74', '62'], 6: ['Sat, Dec 12', 'CSU Northridge', 'N/A', 'L', '84', '89'], 7: ['Wed, Dec 16', 'University Irvine', 'N/A', 'W', '91', '68'], 8: ['Sat, Dec 19', 'UC Santa Barbara', 'N/A', 'L', '63', '75'], 9: ['Wed, Dec 23', 'CSU Bakersfield', 'N/A', 'L', '51', '79'], 10: ['Thu, Jan 14', 'Gonzaga', '1', 'L', '70', '95'], 11: ['Sat, Jan 16', 'Portland', 'N/A', 'W', '80', '65'], 12: ['Thu, Jan 21', 'Pacific', 'N/A', 'W', '85', '68'], 13: ['Sat, Jan 23', 'BYU', 'N/A', 'L', '54', '65'], 14: ['Wed, Jan 27', 'BYU', 'N/A', 'W', '76', '73'], 15: ['Sat, Jan 30', 'Gonzaga', '1', 'L', '75', '97'], 16: ['Sat, Feb 6', 'Portland', 'N/A', 'W', '91', '70'], 17: ['Wed, Feb 10', 'San Francisco', 'N/A', 'W', '76', '68'], 18: ['Sat, Feb 13', ""Saint Mary's"", 'N/A', 'W', '60', '58'], 19: ['Sat, Feb 20', 'Santa Clara', 'N/A', 'L', '82', '86'], 20: ['Mon, Feb 22', ""Saint Mary's"", 'N/A', 'L', '61', '66'], 21: ['Thu, Feb 25', 'Loyola Marymount', 'N/A', 'L', '74', '81'], 22: ['Sat, Feb 27', 'San Diego', 'N/A', 'W', '90', '84'], 23: ['Sat, Mar 6', 'Santa Clara', 'N/A', 'W', '78', '70'], 24: ['Mon, Mar 8', 'BYU', 'N/A', 'L', '77', '82']}",0.7072432982088155
Portland,333,2501,Pilots,6,15,0.2857142857142857,"{1: ['Wed, Nov 25', 'Seattle U', 'N/A', 'L', '72', '84'], 2: ['Sat, Nov 28', 'Jessup', 'N/A', 'W', '83', '73'], 3: ['Sun, Nov 29', 'University', 'N/A', 'W', '74', '69'], 4: ['Sat, Dec 5', 'Portland State', 'N/A', 'W', '86', '73'], 5: ['Thu, Dec 10', 'Oregon State', 'N/A', 'W', '87', '86'], 6: ['Tue, Dec 15', 'of Idaho', 'N/A', 'W', '88', '74'], 7: ['Sat, Dec 19', 'Oregon', 'N/A', 'L', '41', '80'], 8: ['Tue, Dec 22', 'Montana State', 'N/A', 'W', '62', '59'], 9: ['Wed, Dec 30', 'Seattle U', 'N/A', 'L', '68', '84'], 10: ['Thu, Jan 7', 'San Francisco', 'N/A', 'L', '64', '88'], 11: ['Sat, Jan 9', 'Gonzaga', '1', 'L', '88', '116'], 12: ['Thu, Jan 14', 'San Francisco', 'N/A', 'L', '63', '79'], 13: ['Sat, Jan 16', 'Pepperdine', 'N/A', 'L', '65', '80'], 14: ['Thu, Jan 21', 'BYU', 'N/A', 'L', '67', '95'], 15: ['Sat, Jan 23', 'San Diego', 'N/A', 'L', '70', '78'], 16: ['Mon, Jan 25', 'Loyola Marymount', 'N/A', 'L', '50', '75'], 17: ['Thu, Feb 4', 'BYU', 'N/A', 'L', '60', '105'], 18: ['Sat, Feb 6', 'Pepperdine', 'N/A', 'L', '70', '91'], 19: ['Thu, Feb 11', 'Pacific', 'N/A', 'L', '57', '84'], 20: ['Sat, Feb 20', 'Pacific', 'N/A', 'L', '58', '80'], 21: ['Thu, Mar 4', 'Santa Clara', 'N/A', 'L', '86', '95']}",0.6256800347621604
Saint Mary's,334,2608,Gaels,14,10,0.5833333333333334,"{1: ['Wed, Mar 17', 'Western Kentucky', '3', 'L', '67', '69'], 2: ['Wed, Nov 25', 'Memphis', 'N/A', 'L', '56', '73'], 3: ['Thu, Nov 26', 'Northern Iowa', 'N/A', 'W', '66', '64'], 4: ['Fri, Nov 27', 'South Dakota State', 'N/A', 'W', '72', '59'], 5: ['Tue, Dec 1', 'Nicholls', 'N/A', 'W', '73', '50'], 6: ['Thu, Dec 3', 'Texas Southern', 'N/A', 'W', '82', '70'], 7: ['Tue, Dec 8', 'UTEP', 'N/A', 'W', '73', '61'], 8: ['Fri, Dec 11', 'San José St', 'N/A', 'W', '96', '61'], 9: ['Tue, Dec 15', 'Eastern Washington', 'N/A', 'W', '80', '75'], 10: ['Sat, Dec 19', 'Colorado State', 'N/A', 'W', '53', '33'], 11: ['Tue, Dec 22', 'San Diego State', 'N/A', 'L', '49', '74'], 12: ['Wed, Dec 30', 'Sacramento State', 'N/A', 'W', '63', '45'], 13: ['Sat, Jan 9', 'Santa Clara', 'N/A', 'L', '64', '66'], 14: ['Thu, Jan 14', 'BYU', 'N/A', 'L', '52', '62'], 15: ['Sat, Jan 16', 'Gonzaga', '1', 'L', '59', '73'], 16: ['Thu, Jan 21', 'Loyola Marymount', 'N/A', 'W', '65', '61'], 17: ['Sat, Jan 23', 'San Francisco', 'N/A', 'W', '67', '63'], 18: ['Sat, Feb 13', 'Pepperdine', 'N/A', 'L', '58', '60'], 19: ['Thu, Feb 18', 'Gonzaga', '1', 'L', '65', '87'], 20: ['Mon, Feb 22', 'Pepperdine', 'N/A', 'W', '66', '61'], 21: ['Thu, Feb 25', 'Pacific', 'N/A', 'W', '58', '46'], 22: ['Sat, Feb 27', 'BYU', 'N/A', 'L', '51', '65'], 23: ['Sat, Mar 6', 'Loyola Marymount', 'N/A', 'W', '52', '47'], 24: ['Mon, Mar 8', 'Gonzaga', '1', 'L', '55', '78']}",0.825041186135389
San Diego,335,301,Toreros,3,11,0.21428571428571427,"{1: ['Wed, Dec 9', 'UCLA', 'N/A', 'L', '56', '83'], 2: ['Mon, Dec 14', 'Nevada', 'N/A', 'L', '72', '79'], 3: ['Wed, Dec 16', 'Cal Poly', 'N/A', 'W', '70', '61'], 4: ['Sat, Dec 19', 'UC Irvine', 'N/A', 'L', '53', '85'], 5: ['Thu, Dec 31', 'San Francisco', 'N/A', 'L', '62', '70'], 6: ['Sun, Jan 17', 'Santa Clara', 'N/A', 'L', '63', '69'], 7: ['Tue, Jan 19', 'Loyola Marymount', 'N/A', 'L', '69', '72'], 8: ['Sat, Jan 23', 'Portland', 'N/A', 'W', '78', '70'], 9: ['Thu, Jan 28', 'Gonzaga', '1', 'L', '62', '90'], 10: ['Thu, Feb 18', 'Santa Clara', 'N/A', 'W', '71', '60'], 11: ['Sat, Feb 20', 'Gonzaga', '1', 'L', '69', '106'], 12: ['Tue, Feb 23', 'Pacific', 'N/A', 'L', '67', '77'], 13: ['Sat, Feb 27', 'Pepperdine', 'N/A', 'L', '84', '90'], 14: ['Thu, Mar 4', 'San Francisco', 'N/A', 'L', '51', '67']}",0.7345651967080539
San Francisco,336,2539,Dons,11,14,0.44,"{1: ['Wed, Nov 25', 'UMass Lowell', 'N/A', 'L', '68', '76'], 2: ['Thu, Nov 26', 'Towson', 'N/A', 'W', '79', '68'], 3: ['Fri, Nov 27', 'Virginia', '4', 'W', '61', '60'], 4: ['Sun, Nov 29', 'Rhode Island', 'N/A', 'L', '71', '84'], 5: ['Wed, Dec 2', 'Nevada', 'N/A', 'W', '85', '60'], 6: ['Fri, Dec 4', 'Cal Poly', 'N/A', 'W', '88', '60'], 7: ['Thu, Dec 10', 'Long Beach State', 'N/A', 'W', '107', '62'], 8: ['Sun, Dec 13', 'California', 'N/A', 'L', '70', '72'], 9: ['Thu, Dec 17', 'Oregon', 'N/A', 'L', '64', '74'], 10: ['Sun, Dec 20', 'Grand Canyon', 'N/A', 'W', '68', '65'], 11: ['Thu, Dec 31', 'San Diego', 'N/A', 'W', '70', '62'], 12: ['Sat, Jan 2', 'Gonzaga', '1', 'L', '62', '85'], 13: ['Thu, Jan 7', 'Portland', 'N/A', 'W', '88', '64'], 14: ['Sun, Jan 10', 'Loyola Marymount', 'N/A', 'L', '60', '68'], 15: ['Thu, Jan 14', 'Portland', 'N/A', 'W', '79', '63'], 16: ['Sat, Jan 16', 'BYU', 'N/A', 'L', '63', '72'], 17: ['Thu, Jan 21', 'Santa Clara', 'N/A', 'W', '73', '50'], 18: ['Sat, Jan 23', ""Saint Mary's"", 'N/A', 'L', '63', '67'], 19: ['Wed, Feb 10', 'Pepperdine', 'N/A', 'L', '68', '76'], 20: ['Sat, Feb 13', 'Gonzaga', '1', 'L', '61', '100'], 21: ['Thu, Feb 18', 'Loyola Marymount', 'N/A', 'L', '63', '68'], 22: ['Thu, Feb 25', 'BYU', 'N/A', 'L', '73', '79'], 23: ['Sat, Feb 27', 'Pacific', 'N/A', 'L', '69', '76'], 24: ['Thu, Mar 4', 'San Diego', 'N/A', 'W', '67', '51'], 25: ['Fri, Mar 5', 'Loyola Marymount', 'N/A', 'L', '66', '70']}",0.6524069370287662
Santa Clara,337,2541,Broncos,12,8,0.6,"{1: ['Wed, Nov 25', 'Idaho State', 'N/A', 'W', '62', '49'], 2: ['Fri, Nov 27', 'UC Davis', 'N/A', 'W', '66', '63'], 3: ['Sat, Nov 28', 'Nicholls', 'N/A', 'W', '73', '57'], 4: ['Wed, Dec 2', 'CSU Bakersfield', 'N/A', 'W', '53', '47'], 5: ['Wed, Dec 9', 'Cal Poly', 'N/A', 'W', '76', '69'], 6: ['Tue, Dec 15', 'Pacific', 'N/A', 'W', '88', '65'], 7: ['Tue, Dec 22', 'Colorado State', 'N/A', 'L', '57', '70'], 8: ['Tue, Dec 29', 'USC', 'N/A', 'L', '63', '86'], 9: ['Sat, Jan 9', ""Saint Mary's"", 'N/A', 'W', '66', '64'], 10: ['Thu, Jan 14', 'Pacific', 'N/A', 'L', '58', '79'], 11: ['Sun, Jan 17', 'San Diego', 'N/A', 'W', '69', '63'], 12: ['Thu, Jan 21', 'San Francisco', 'N/A', 'L', '50', '73'], 13: ['Sat, Jan 23', 'Loyola Marymount', 'N/A', 'W', '72', '69'], 14: ['Tue, Feb 16', 'Loyola Marymount', 'N/A', 'L', '73', '76'], 15: ['Thu, Feb 18', 'San Diego', 'N/A', 'L', '60', '71'], 16: ['Sat, Feb 20', 'Pepperdine', 'N/A', 'W', '86', '82'], 17: ['Thu, Feb 25', 'Gonzaga', '1', 'L', '75', '89'], 18: ['Thu, Mar 4', 'Portland', 'N/A', 'W', '95', '86'], 19: ['Fri, Mar 5', 'Pacific', 'N/A', 'W', '81', '76'], 20: ['Sat, Mar 6', 'Pepperdine', 'N/A', 'L', '70', '78']}",0.5803457930957931
California Baptist,338,2856,Lancers,13,10,0.5652173913043478,"{1: ['Wed, Nov 25', 'USC', 'N/A', 'L', '87', '95'], 2: ['Wed, Dec 2', 'SE Louisiana', 'N/A', 'L', '80', '81'], 3: ['Fri, Dec 4', 'SE Louisiana', 'N/A', 'W', '83', '66'], 4: ['Thu, Dec 10', 'Katherine', 'N/A', 'W', '93', '47'], 5: ['Sat, Dec 12', 'Pacific', 'N/A', 'W', '110', '71'], 6: ['Fri, Jan 8', 'Utah Valley', 'N/A', 'L', '50', '77'], 7: ['Sat, Jan 9', 'Utah Valley', 'N/A', 'L', '77', '81'], 8: ['Fri, Jan 15', 'Tarleton', 'N/A', 'W', '83', '74'], 9: ['Sat, Jan 16', 'Tarleton', 'N/A', 'W', '73', '67'], 10: ['Wed, Jan 20', 'Diego Christian', 'N/A', 'W', '89', '37'], 11: ['Sat, Jan 23', 'Long Beach State', 'N/A', 'W', '96', '75'], 12: ['Fri, Jan 29', 'Dixie State', 'N/A', 'W', '89', '74'], 13: ['Sat, Jan 30', 'Dixie State', 'N/A', 'L', '75', '79'], 14: ['Fri, Feb 5', 'New Mexico State', 'N/A', 'W', '85', '75'], 15: ['Sat, Feb 6', 'New Mexico State', 'N/A', 'L', '70', '97'], 16: ['Sat, Feb 13', 'Sacramento State', 'N/A', 'W', '83', '71'], 17: ['Sun, Feb 14', 'Sacramento State', 'N/A', 'L', '69', '70'], 18: ['Fri, Feb 19', 'Grand Canyon', 'N/A', 'L', '61', '71'], 19: ['Sat, Feb 20', 'Grand Canyon', 'N/A', 'W', '65', '62'], 20: ['Sat, Feb 27', '', 'N/A', 'W', '78', '65'], 21: ['Fri, Mar 5', 'Seattle U', 'N/A', 'L', '79', '80'], 22: ['Sat, Mar 6', 'Seattle U', 'N/A', 'W', '79', '76'], 23: ['Thu, Mar 11', 'Seattle U', 'N/A', 'L', '66', '83']}",0.49795867176301967
Chicago State,339,2130,Cougars,0,9,0.0,"{1: ['Wed, Nov 25', 'Ohio', 'N/A', 'L', '61', '84'], 2: ['Thu, Nov 26', 'Illinois', '8', 'L', '38', '97'], 3: ['Fri, Nov 27', 'North Carolina A&T', 'N/A', 'L', '44', '74'], 4: ['Thu, Dec 3', 'Eastern Illinois', 'N/A', 'L', '56', '78'], 5: ['Sat, Dec 5', 'Northwestern', 'N/A', 'L', '66', '111'], 6: ['Wed, Dec 9', 'Loyola Chicago', 'N/A', 'L', '51', '88'], 7: ['Tue, Dec 15', 'Illinois State', 'N/A', 'L', '62', '91'], 8: ['Fri, Dec 18', 'Northern Illinois', 'N/A', 'L', '54', '64'], 9: ['Sun, Dec 20', 'Drake', 'N/A', 'L', '67', '111']}",0.6251256995535435
Dixie State,340,3101,Trailblazers,8,13,0.3809523809523809,"{1: ['Wed, Dec 2', 'North Dakota', 'N/A', 'W', '74', '73'], 2: ['Sat, Dec 5', 'Katherine', 'N/A', 'W', '86', '48'], 3: ['Sat, Dec 12', 'Denver', 'N/A', 'W', '73', '70'], 4: ['Thu, Dec 17', 'Southern Utah', 'N/A', 'L', '78', '85'], 5: ['Sat, Dec 19', '', 'N/A', 'W', '90', '69'], 6: ['Tue, Dec 29', 'Gonzaga', '1', 'L', '67', '112'], 7: ['Wed, Jan 13', 'New Mexico', 'N/A', 'L', '63', '72'], 8: ['Fri, Jan 15', 'UT Rio Grande Valley', 'N/A', 'L', '49', '82'], 9: ['Sat, Jan 16', 'UT Rio Grande Valley', 'N/A', 'L', '65', '72'], 10: ['Fri, Jan 22', 'Grand Canyon', 'N/A', 'L', '74', '77'], 11: ['Sat, Jan 23', 'Grand Canyon', 'N/A', 'L', '46', '81'], 12: ['Fri, Jan 29', 'California Baptist', 'N/A', 'L', '74', '89'], 13: ['Sat, Jan 30', 'California Baptist', 'N/A', 'W', '79', '75'], 14: ['Fri, Feb 5', 'Seattle U', 'N/A', 'W', '77', '76'], 15: ['Sat, Feb 6', 'Seattle U', 'N/A', 'L', '56', '77'], 16: ['Fri, Feb 12', 'Utah Valley', 'N/A', 'L', '72', '87'], 17: ['Sat, Feb 13', 'Utah Valley', 'N/A', 'W', '93', '89'], 18: ['Fri, Feb 19', 'Tarleton', 'N/A', 'L', '59', '77'], 19: ['Sat, Feb 20', 'Tarleton', 'N/A', 'W', '64', '48'], 20: ['Fri, Mar 5', 'New Mexico State', 'N/A', 'L', '66', '76'], 21: ['Sat, Mar 6', 'New Mexico State', 'N/A', 'L', '56', '68']}",0.599231614665795
Grand Canyon,341,2253,Antelopes,17,7,0.7083333333333334,"{1: ['Sat, Mar 20', 'Iowa', '2', 'L', '74', '86'], 2: ['Wed, Nov 25', 'Grambling', 'N/A', 'W', '69', '53'], 3: ['Sat, Nov 28', '(AZ)', 'N/A', 'W', '94', '63'], 4: ['Tue, Dec 1', 'Mississippi Valley State', 'N/A', 'W', '88', '49'], 5: ['Fri, Dec 11', 'Nevada', 'N/A', 'W', '87', '77'], 6: ['Sun, Dec 13', 'Arizona State', '23', 'L', '70', '71'], 7: ['Sun, Dec 20', 'San Francisco', 'N/A', 'L', '65', '68'], 8: ['Tue, Dec 22', 'Colorado', 'N/A', 'L', '64', '74'], 9: ['Fri, Jan 8', 'Tarleton', 'N/A', 'W', '75', '72'], 10: ['Sat, Jan 9', 'Tarleton', 'N/A', 'W', '59', '48'], 11: ['Fri, Jan 15', '', 'N/A', 'W', '121', '62'], 12: ['Sat, Jan 16', '', 'N/A', 'W', '98', '47'], 13: ['Fri, Jan 22', 'Dixie State', 'N/A', 'W', '77', '74'], 14: ['Sat, Jan 23', 'Dixie State', 'N/A', 'W', '81', '46'], 15: ['Fri, Jan 29', 'New Mexico State', 'N/A', 'W', '70', '62'], 16: ['Sat, Jan 30', 'New Mexico State', 'N/A', 'W', '65', '53'], 17: ['Fri, Feb 19', 'California Baptist', 'N/A', 'W', '71', '61'], 18: ['Sat, Feb 20', 'California Baptist', 'N/A', 'L', '62', '65'], 19: ['Fri, Feb 26', 'Seattle U', 'N/A', 'L', '57', '63'], 20: ['Sat, Feb 27', 'Seattle U', 'N/A', 'W', '81', '71'], 21: ['Fri, Mar 5', 'Utah Valley', 'N/A', 'L', '55', '59'], 22: ['Sat, Mar 6', 'Utah Valley', 'N/A', 'W', '74', '64'], 23: ['Fri, Mar 12', 'Seattle U', 'N/A', 'W', '81', '47'], 24: ['Sat, Mar 13', 'New Mexico State', 'N/A', 'W', '74', '56']}",0.5714068429400027
New Mexico State,342,166,Aggies,12,8,0.6,"{1: ['Sun, Nov 29', 'Christian', 'N/A', 'W', '83', '77'], 2: ['Tue, Dec 1', '(AZ)', 'N/A', 'W', '92', '54'], 3: ['Mon, Dec 28', 'CSU Northridge', 'N/A', 'L', '63', '66'], 4: ['Mon, Jan 25', 'New Mexico', 'N/A', 'W', '70', '41'], 5: ['Fri, Jan 29', 'Grand Canyon', 'N/A', 'L', '62', '70'], 6: ['Sat, Jan 30', 'Grand Canyon', 'N/A', 'L', '53', '65'], 7: ['Fri, Feb 5', 'California Baptist', 'N/A', 'L', '75', '85'], 8: ['Sat, Feb 6', 'California Baptist', 'N/A', 'W', '97', '70'], 9: ['Fri, Feb 12', 'Seattle U', 'N/A', 'L', '72', '83'], 10: ['Sat, Feb 13', 'Seattle U', 'N/A', 'W', '65', '58'], 11: ['Fri, Feb 19', 'Utah Valley', 'N/A', 'L', '66', '69'], 12: ['Sat, Feb 20', 'Utah Valley', 'N/A', 'W', '67', '60'], 13: ['Fri, Feb 26', 'Tarleton', 'N/A', 'W', '78', '51'], 14: ['Sat, Feb 27', 'Tarleton', 'N/A', 'L', '55', '64'], 15: ['Tue, Mar 2', 'UT Rio Grande Valley', 'N/A', 'W', '69', '51'], 16: ['Fri, Mar 5', 'Dixie State', 'N/A', 'W', '76', '66'], 17: ['Sat, Mar 6', 'Dixie State', 'N/A', 'W', '68', '56'], 18: ['Thu, Mar 11', 'UT Rio Grande Valley', 'N/A', 'W', '77', '61'], 19: ['Fri, Mar 12', 'Utah Valley', 'N/A', 'W', '78', '62'], 20: ['Sat, Mar 13', 'Grand Canyon', 'N/A', 'L', '56', '74']}",0.5105558004585464
Seattle U,343,2547,Redhawks,12,11,0.5217391304347826,"{1: ['Wed, Nov 25', 'Portland', 'N/A', 'W', '84', '72'], 2: ['Fri, Nov 27', 'Jessup', 'N/A', 'W', '77', '53'], 3: ['Sun, Nov 29', 'Air Force', 'N/A', 'W', '63', '45'], 4: ['Mon, Nov 30', 'CSU Northridge', 'N/A', 'L', '65', '76'], 5: ['Thu, Dec 3', 'UCLA', 'N/A', 'L', '52', '78'], 6: ['Sun, Dec 6', 'Long Beach State', 'N/A', 'L', '75', '80'], 7: ['Wed, Dec 9', 'Washington', 'N/A', 'L', '41', '73'], 8: ['Sun, Dec 13', 'University', 'N/A', 'W', '89', '40'], 9: ['Thu, Dec 17', 'of Idaho', 'N/A', 'W', '78', '54'], 10: ['Tue, Dec 22', 'California', 'N/A', 'L', '65', '70'], 11: ['Wed, Dec 30', 'Portland', 'N/A', 'W', '84', '68'], 12: ['Sat, Jan 9', ""Martin's"", 'N/A', 'W', '98', '63'], 13: ['Fri, Jan 15', 'Utah Valley', 'N/A', 'L', '92', '93'], 14: ['Fri, Feb 5', 'Dixie State', 'N/A', 'L', '76', '77'], 15: ['Sat, Feb 6', 'Dixie State', 'N/A', 'W', '77', '56'], 16: ['Fri, Feb 12', 'New Mexico State', 'N/A', 'W', '83', '72'], 17: ['Sat, Feb 13', 'New Mexico State', 'N/A', 'L', '58', '65'], 18: ['Fri, Feb 26', 'Grand Canyon', 'N/A', 'W', '63', '57'], 19: ['Sat, Feb 27', 'Grand Canyon', 'N/A', 'L', '71', '81'], 20: ['Fri, Mar 5', 'California Baptist', 'N/A', 'W', '80', '79'], 21: ['Sat, Mar 6', 'California Baptist', 'N/A', 'L', '76', '79'], 22: ['Thu, Mar 11', 'California Baptist', 'N/A', 'W', '83', '66'], 23: ['Fri, Mar 12', 'Grand Canyon', 'N/A', 'L', '47', '81']}",0.4725070367439972
Tarleton,344,2627,Texans,10,10,0.5,"{1: ['Wed, Nov 25', 'Christian', 'N/A', 'W', '103', '48'], 2: ['Wed, Dec 2', 'Texas A&M', 'N/A', 'L', '66', '73'], 3: ['Sat, Dec 5', 'Abilene Christian', 'N/A', 'L', '48', '69'], 4: ['Wed, Dec 9', 'Baptist', 'N/A', 'W', '84', '43'], 5: ['Fri, Jan 8', 'Grand Canyon', 'N/A', 'L', '72', '75'], 6: ['Sat, Jan 9', 'Grand Canyon', 'N/A', 'L', '48', '59'], 7: ['Fri, Jan 15', 'California Baptist', 'N/A', 'L', '74', '83'], 8: ['Sat, Jan 16', 'California Baptist', 'N/A', 'L', '67', '73'], 9: ['Sun, Jan 17', 'Weber State', 'N/A', 'L', '79', '94'], 10: ['Mon, Jan 25', 'Payne', 'N/A', 'W', '113', '53'], 11: ['Fri, Jan 29', 'Utah Valley', 'N/A', 'L', '60', '73'], 12: ['Sat, Jan 30', 'Utah Valley', 'N/A', 'W', '70', '62'], 13: ['Sat, Feb 6', 'Adventist', 'N/A', 'W', '97', '26'], 14: ['Tue, Feb 9', '', 'N/A', 'W', '112', '54'], 15: ['Fri, Feb 19', 'Dixie State', 'N/A', 'W', '77', '59'], 16: ['Sat, Feb 20', 'Dixie State', 'N/A', 'L', '48', '64'], 17: ['Fri, Feb 26', 'New Mexico State', 'N/A', 'L', '51', '78'], 18: ['Sat, Feb 27', 'New Mexico State', 'N/A', 'W', '64', '55'], 19: ['Fri, Mar 5', 'UT Rio Grande Valley', 'N/A', 'W', '65', '47'], 20: ['Sat, Mar 6', 'UT Rio Grande Valley', 'N/A', 'W', '69', '58']}",0.5664728245735109
UT Rio Grande Valley,345,292,Vaqueros,9,10,0.4736842105263158,"{1: ['Wed, Nov 25', 'Texas', '19', 'L', '55', '91'], 2: ['Sat, Nov 28', 'UTSA', 'N/A', 'W', '81', '64'], 3: ['Wed, Dec 2', 'Texas A&M-CC', 'N/A', 'W', '62', '59'], 4: ['Fri, Dec 4', 'Lady of the Lake', 'N/A', 'W', '91', '68'], 5: ['Sun, Dec 6', 'Texas A&M', 'N/A', 'L', '68', '81'], 6: ['Thu, Dec 10', 'Texas A&M-CC', 'N/A', 'W', '68', '64'], 7: ['Mon, Dec 14', 'A&M-International', 'N/A', 'W', '89', '51'], 8: ['Mon, Dec 21', 'Sam Houston State', 'N/A', 'L', '66', '69'], 9: ['Thu, Jan 7', ""Mary's (TX)"", 'N/A', 'W', '96', '67'], 10: ['Fri, Jan 15', 'Dixie State', 'N/A', 'W', '82', '49'], 11: ['Sat, Jan 16', 'Dixie State', 'N/A', 'W', '72', '65'], 12: ['Sat, Feb 6', 'Texas Southern', 'N/A', 'L', '75', '77'], 13: ['Sun, Feb 21', 'Christian', 'N/A', 'W', '116', '51'], 14: ['Fri, Feb 26', 'Utah Valley', 'N/A', 'L', '74', '78'], 15: ['Sat, Feb 27', 'Utah Valley', 'N/A', 'L', '64', '73'], 16: ['Tue, Mar 2', 'New Mexico State', 'N/A', 'L', '51', '69'], 17: ['Fri, Mar 5', 'Tarleton', 'N/A', 'L', '47', '65'], 18: ['Sat, Mar 6', 'Tarleton', 'N/A', 'L', '58', '69'], 19: ['Thu, Mar 11', 'New Mexico State', 'N/A', 'L', '61', '77']}",0.5169761497761497
Utah Valley,346,3084,Wolverines,11,11,0.5,"{1: ['Thu, Nov 26', 'State', 'N/A', 'W', '100', '75'], 2: ['Sat, Nov 28', 'BYU', 'N/A', 'L', '60', '82'], 3: ['Wed, Dec 2', '(UT)', 'N/A', 'W', '79', '71'], 4: ['Wed, Dec 9', 'Southern Utah', 'N/A', 'L', '71', '81'], 5: ['Sat, Dec 12', 'Wyoming', 'N/A', 'L', '88', '93'], 6: ['Tue, Dec 15', 'Utah', 'N/A', 'L', '67', '75'], 7: ['Sat, Jan 2', 'Weber State', 'N/A', 'L', '62', '70'], 8: ['Fri, Jan 8', 'California Baptist', 'N/A', 'W', '77', '50'], 9: ['Sat, Jan 9', 'California Baptist', 'N/A', 'W', '81', '77'], 10: ['Fri, Jan 15', 'Seattle U', 'N/A', 'W', '93', '92'], 11: ['Sat, Jan 23', ""St. John's"", 'N/A', 'L', '78', '96'], 12: ['Fri, Jan 29', 'Tarleton', 'N/A', 'W', '73', '60'], 13: ['Sat, Jan 30', 'Tarleton', 'N/A', 'L', '62', '70'], 14: ['Fri, Feb 12', 'Dixie State', 'N/A', 'W', '87', '72'], 15: ['Sat, Feb 13', 'Dixie State', 'N/A', 'L', '89', '93'], 16: ['Fri, Feb 19', 'New Mexico State', 'N/A', 'W', '69', '66'], 17: ['Sat, Feb 20', 'New Mexico State', 'N/A', 'L', '60', '67'], 18: ['Fri, Feb 26', 'UT Rio Grande Valley', 'N/A', 'W', '78', '74'], 19: ['Sat, Feb 27', 'UT Rio Grande Valley', 'N/A', 'W', '73', '64'], 20: ['Fri, Mar 5', 'Grand Canyon', 'N/A', 'W', '59', '55'], 21: ['Sat, Mar 6', 'Grand Canyon', 'N/A', 'L', '64', '74'], 22: ['Fri, Mar 12', 'New Mexico State', 'N/A', 'L', '62', '78']}",0.5761955432058405
